#       time              Source                xMom
   0.0000000    0.0000000000e+00    0.0000000000e+00
#       time              Source                xMom
   0.0000000    0.0000000000e+00    0.0000000000e+00
   3.2000000    2.1096746623e+00   -5.3937250492e-01
   6.4000000    3.9895100775e+00   -8.8528359510e-01
   9.6000000    6.2886226558e+00   -1.3349357313e+00
  12.8000000    8.0154877697e+00   -1.3519997306e+00
  16.0000000    1.0303473642e+01   -1.4982740919e+00
  19.2000000    1.2016608403e+01   -1.2317215400e+00
  22.4000000    1.4112170209e+01   -9.9517961571e-01
  25.6000000    1.5891143197e+01   -5.1305923877e-01
  28.8000000    1.7762136158e+01    6.3137924181e-02
  32.0000000    1.9560871270e+01    7.3143316229e-01
  35.2000000    2.1273960366e+01    1.5350801930e+00
  38.4000000    2.3082696075e+01    2.3421872754e+00
  41.6000000    2.4706826606e+01    3.2643012668e+00
  44.8000000    2.6503153983e+01    4.1497802287e+00
  48.0000000    2.8086096007e+01    5.0940470266e+00
  51.2000000    2.9867156386e+01    5.9864687824e+00
  54.4000000    3.1438462313e+01    6.8767942504e+00
  57.6000000    3.3224544576e+01    7.7196407811e+00
  60.8000000    3.4820000277e+01    8.4983047316e+00
  64.0000000    3.6620266513e+01    9.2582944399e+00
  67.2000000    3.8240510926e+01    9.8989318933e+00
  70.4000000    4.0072677506e+01    1.0550467717e+01
  73.6000000    4.1700949166e+01    1.1049958936e+01
  76.8000000    4.3582874085e+01    1.1575264377e+01
  80.0000000    4.5193221083e+01    1.1945621755e+01
  83.2000000    4.7140946258e+01    1.2333195278e+01
  86.4000000    4.8706850926e+01    1.2591391735e+01
  89.6000000    5.0727395423e+01    1.2841057648e+01
  92.8000000    5.2239229447e+01    1.3001372859e+01
  96.0000000    5.4331791160e+01    1.3125692883e+01
  99.2000000    5.5793724121e+01    1.3201757077e+01
 102.4000000    5.7952581238e+01    1.3224132165e+01
 105.6000000    5.9378180717e+01    1.3233037570e+01
 108.8000000    6.1596822689e+01    1.3184227601e+01
 112.0000000    6.3003227761e+01    1.3150728663e+01
 115.2000000    6.5276170864e+01    1.3066284611e+01
 118.4000000    6.6678352085e+01    1.3023670329e+01
 121.6000000    6.8998180677e+01    1.2941946607e+01
 124.8000000    7.0408961864e+01    1.2927842630e+01
 128.0000000    7.2761395000e+01    1.2889425504e+01
 131.2000000    7.4189221381e+01    1.2940178767e+01
 134.4000000    7.6552284689e+01    1.2983515638e+01
 137.6000000    7.8000829643e+01    1.3128123837e+01
 140.8000000    8.0343798149e+01    1.3285574624e+01
 144.0000000    8.1810241439e+01    1.3540684477e+01
 147.2000000    8.4098931394e+01    1.3831801078e+01
 150.4000000    8.5571163600e+01    1.4200007114e+01
 153.6000000    8.7773174884e+01    1.4626025520e+01
 156.8000000    8.9230431001e+01    1.5094951196e+01
 160.0000000    9.1319747134e+01    1.5636222111e+01
 163.2000000    9.2734693493e+01    1.6179674729e+01
 166.4000000    9.4695066730e+01    1.6796392834e+01
 169.6000000    9.6038427131e+01    1.7376643798e+01
 172.8000000    9.7863716843e+01    1.8013999525e+01
 176.0000000    9.9110618817e+01    1.8584988700e+01
 179.2000000    1.0080330098e+02    1.9181297762e+01
 182.4000000    1.0193888377e+02    1.9693346551e+01
 185.6000000    1.0350791989e+02    2.0189343707e+01
 188.8000000    1.0453095311e+02    2.0594933822e+01
 192.0000000    1.0598991867e+02    2.0942621757e+01
 195.2000000    1.0691287234e+02    2.1203252079e+01
 198.4000000    1.0827901737e+02    2.1372558394e+01
 201.6000000    1.0912545561e+02    2.1465086447e+01
 204.8000000    1.1041885945e+02    2.1447793607e+01
 208.0000000    1.1121865922e+02    2.1369607265e+01
 211.2000000    1.1246130248e+02    2.1180205579e+01
 214.4000000    1.1324558594e+02    2.0951276262e+01
 217.6000000    1.1445943745e+02    2.0625037120e+01
 220.8000000    1.1525605174e+02    2.0286609615e+01
 224.0000000    1.1646034105e+02    1.9875466996e+01
 227.2000000    1.1729112451e+02    1.9484848819e+01
 230.4000000    1.1849878206e+02    1.9051615589e+01
 233.6000000    1.1937852646e+02    1.8674175144e+01
 236.8000000    1.2059326569e+02    1.8285351564e+01
 240.0000000    1.2152960934e+02    1.7985141663e+01
 243.2000000    1.2274455090e+02    1.7703020950e+01
 246.4000000    1.2373845686e+02    1.7533598392e+01
 249.6000000    1.2493697027e+02    1.7408311404e+01
 252.8000000    1.2598308317e+02    1.7405428231e+01
 256.0000000    1.2714190534e+02    1.7467973491e+01
 259.2000000    1.2822895057e+02    1.7645030411e+01
 262.4000000    1.2932266187e+02    1.7902404934e+01
 265.6000000    1.3043424264e+02    1.8249160698e+01
 268.8000000    1.3144008849e+02    1.8682510806e+01
 272.0000000    1.3255622107e+02    1.9166868036e+01
 275.2000000    1.3345807143e+02    1.9733307524e+01
 278.4000000    1.3455772699e+02    2.0305626879e+01
 281.6000000    1.3534839237e+02    2.0943681975e+01
 284.8000000    1.3641274447e+02    2.1543000604e+01
 288.0000000    1.3709440669e+02    2.2180973016e+01
 291.2000000    1.3811005216e+02    2.2742449585e+01
 294.4000000    1.3869314079e+02    2.3308414296e+01
 297.6000000    1.3965451245e+02    2.3771231845e+01
 300.8000000    1.4015560049e+02    2.4203053393e+01
 304.0000000    1.4106581817e+02    2.4518007012e+01
 307.2000000    1.4150532272e+02    2.4771754520e+01
 310.4000000    1.4237509793e+02    2.4907702695e+01
 313.6000000    1.4277522110e+02    2.4963189646e+01
 316.8000000    1.4362015003e+02    2.4911485713e+01
 320.0000000    1.4400310130e+02    2.4774339905e+01
 323.2000000    1.4484004147e+02    2.4550500715e+01
 326.4000000    1.4522646308e+02    2.4250687947e+01
 329.6000000    1.4606992171e+02    2.3892871484e+01
 332.8000000    1.4647729779e+02    2.3480158225e+01
 336.0000000    1.4733669147e+02    2.3044429510e+01
 339.2000000    1.4777769814e+02    2.2581607150e+01
 342.4000000    1.4865602226e+02    2.2134506753e+01
 345.6000000    1.4913696823e+02    2.1689351108e+01
 348.8000000    1.5003098248e+02    2.1298801722e+01
 352.0000000    1.5055072051e+02    2.0935735428e+01
 355.2000000    1.5145226125e+02    2.0661696884e+01
 358.4000000    1.5200207054e+02    2.0434037399e+01
 361.6000000    1.5289993976e+02    2.0320358234e+01
 364.8000000    1.5346461795e+02    2.0263975969e+01
 368.0000000    1.5434651047e+02    2.0332670975e+01
 371.2000000    1.5490675370e+02    2.0461725111e+01
 374.4000000    1.5576076904e+02    2.0710514108e+01
 377.6000000    1.5629642740e+02    2.1015772033e+01
 380.8000000    1.5711214758e+02    2.1419026383e+01
 384.0000000    1.5760572803e+02    2.1869066665e+01
 387.2000000    1.5837489624e+02    2.2381882533e+01
 390.4000000    1.5881453238e+02    2.2927139890e+01
 393.6000000    1.5953157708e+02    2.3491726778e+01
 396.8000000    1.5991288274e+02    2.4070924359e+01
 400.0000000    1.6057534282e+02    2.4624339502e+01
 403.2000000    1.6090178348e+02    2.5172549646e+01
 406.4000000    1.6151069680e+02    2.5654665493e+01
 409.6000000    1.6179254928e+02    2.6111851170e+01
 412.8000000    1.6235257196e+02    2.6472620144e+01
 416.0000000    1.6260485361e+02    2.6791459499e+01
 419.2000000    1.6312393927e+02    2.6996663643e+01
 422.4000000    1.6336384767e+02    2.7148513889e+01
 425.6000000    1.6385229878e+02    2.7183461231e+01
 428.8000000    1.6409675575e+02    2.7161608030e+01
 432.0000000    1.6456567094e+02    2.7032441755e+01
 435.2000000    1.6482934525e+02    2.6852260216e+01
 438.4000000    1.6528871616e+02    2.6584788354e+01
 441.6000000    1.6558271776e+02    2.6280913176e+01
 444.8000000    1.6603956453e+02    2.5917115901e+01
 448.0000000    1.6637079084e+02    2.5538188783e+01
 451.2000000    1.6682778256e+02    2.5130808490e+01
 454.4000000    1.6719878314e+02    2.4732672603e+01
 457.6000000    1.6765368393e+02    2.4338537380e+01
 460.8000000    1.6806289157e+02    2.3976891705e+01
 464.0000000    1.6850897846e+02    2.3649794794e+01
 467.2000000    1.6895118139e+02    2.3373311058e+01
 470.4000000    1.6937855135e+02    2.3157354586e+01
 473.6000000    1.6984556590e+02    2.3002083084e+01
 476.8000000    1.7024302280e+02    2.2926373581e+01
 480.0000000    1.7072458192e+02    2.2912019971e+01
 483.2000000    1.7108167602e+02    2.2987422511e+01
 486.4000000    1.7156654691e+02    2.3115796365e+01
 489.6000000    1.7187534747e+02    2.3334160159e+01
 492.8000000    1.7235262097e+02    2.3589825952e+01
 496.0000000    1.7260891446e+02    2.3925722653e+01
 499.2000000    1.7306932984e+02    2.4278643243e+01
 502.4000000    1.7327309745e+02    2.4693289349e+01
 505.6000000    1.7371018696e+02    2.5103056620e+01
 508.8000000    1.7386540660e+02    2.5549776310e+01
 512.0000000    1.7427623015e+02    2.5970877168e+01
 515.2000000    1.7439015051e+02    2.6401284238e+01
 518.4000000    1.7477545484e+02    2.6788753758e+01
 521.6000000    1.7485756375e+02    2.7158778141e+01
 524.8000000    1.7522130416e+02    2.7473564027e+01
 528.0000000    1.7528219119e+02    2.7748546855e+01
 531.2000000    1.7563051038e+02    2.7961946823e+01
 534.4000000    1.7568077165e+02    2.8120226114e+01
 537.6000000    1.7602064326e+02    2.8216878497e+01
 540.8000000    1.7606992375e+02    2.8251539174e+01
 544.0000000    1.7640773144e+02    2.8230645491e+01
 547.2000000    1.7646395389e+02    2.8149370388e+01
 550.4000000    1.7680428529e+02    2.8024055322e+01
 553.6000000    1.7687308179e+02    2.7847261617e+01
 556.8000000    1.7721795094e+02    2.7642229215e+01
 560.0000000    1.7730231900e+02    2.7399861167e+01
 563.2000000    1.7765091976e+02    2.7147734841e+01
 566.4000000    1.7775113222e+02    2.6875193226e+01
 569.6000000    1.7810009906e+02    2.6612098410e+01
 572.8000000    1.7821390396e+02    2.6345839124e+01
 576.0000000    1.7855796397e+02    2.6106854650e+01
 579.2000000    1.7868106972e+02    2.5880190903e+01
 582.4000000    1.7901393023e+02    2.5695263011e+01
 585.6000000    1.7914072675e+02    2.5534843864e+01
 588.8000000    1.7945602194e+02    2.5425652771e+01
 592.0000000    1.7958045396e+02    2.5348972787e+01
 595.2000000    1.7987259013e+02    2.5327073393e+01
 598.4000000    1.7998906681e+02    2.5341221762e+01
 601.6000000    1.8025385334e+02    2.5407577346e+01
 604.8000000    1.8035805756e+02    2.5509279525e+01
 608.0000000    1.8059307350e+02    2.5655105647e+01
 611.2000000    1.8068253821e+02    2.5831957381e+01
 614.4000000    1.8088723610e+02    2.6040630136e+01
 617.6000000    1.8096159650e+02    2.6273284034e+01
 620.8000000    1.8113717215e+02    2.6522962784e+01
 624.0000000    1.8119807128e+02    2.6787920980e+01
 627.2000000    1.8134714169e+02    2.7054490870e+01
 630.4000000    1.8139783329e+02    2.7327106022e+01
 633.6000000    1.8152397824e+02    2.7587052850e+01
 636.8000000    1.8156871849e+02    2.7844348800e+01
 640.0000000    1.8167595155e+02    2.8077233132e+01
 643.2000000    1.8171929731e+02    2.8300218106e+01
 646.4000000    1.8181153486e+02    2.8490505664e+01
 649.6000000    1.8185766924e+02    2.8665752120e+01
 652.8000000    1.8193826356e+02    2.8803866907e+01
 656.0000000    1.8199045111e+02    2.8924254315e+01
 659.2000000    1.8206184340e+02    2.9006833604e+01
 662.4000000    1.8212208458e+02    2.9071473799e+01
 665.6000000    1.8218561747e+02    2.9100904817e+01
 668.8000000    1.8225453117e+02    2.9114376000e+01
 672.0000000    1.8231043751e+02    2.9097772239e+01
 675.2000000    1.8238736216e+02    2.9068861337e+01
 678.4000000    1.8243492031e+02    2.9016684681e+01
 681.6000000    1.8251819132e+02    2.8956873172e+01
 684.8000000    1.8255601291e+02    2.8881422597e+01
 688.0000000    1.8264335334e+02    2.8803346367e+01
 691.2000000    1.8266974863e+02    2.8717317471e+01
 694.4000000    1.8275870120e+02    2.8633394013e+01
 697.6000000    1.8277205781e+02    2.8548669882e+01
 700.8000000    1.8286038717e+02    2.8470027149e+01
 704.0000000    1.8285950065e+02    2.8396800112e+01
 707.2000000    1.8294550537e+02    2.8332572005e+01
 710.4000000    1.8292981246e+02    2.8278829347e+01
 713.6000000    1.8301250523e+02    2.8235815882e+01
 716.8000000    1.8298219133e+02    2.8207161285e+01
 720.0000000    1.8306132785e+02    2.8189796954e+01
 723.2000000    1.8301730367e+02    2.8189532858e+01
 726.4000000    1.8309326636e+02    2.8200071457e+01
 729.6000000    1.8303703146e+02    2.8229442474e+01
 732.8000000    1.8311059508e+02    2.8268254216e+01
 736.0000000    1.8304402372e+02    2.8326749035e+01
 739.2000000    1.8311604960e+02    2.8392634045e+01
 742.4000000    1.8304114256e+02    2.8478262870e+01
 745.6000000    1.8311225782e+02    2.8568711301e+01
 748.8000000    1.8303090537e+02    2.8678209301e+01
 752.0000000    1.8310122595e+02    2.8789574354e+01
 755.2000000    1.8301501983e+02    2.8918521924e+01
 758.4000000    1.8308396702e+02    2.9046111798e+01
 761.6000000    1.8299408803e+02    2.9189000042e+01
 764.8000000    1.8306033149e+02    2.9327128609e+01
 768.0000000    1.8296752466e+02    2.9477425583e+01
 771.2000000    1.8302906179e+02    2.9619483840e+01
 774.4000000    1.8293369668e+02    2.9769768511e+01
 777.6000000    1.8298805387e+02    2.9908384573e+01
 780.8000000    1.8289025428e+02    3.0050609241e+01
 784.0000000    1.8293477416e+02    3.0177952740e+01
 787.2000000    1.8283459204e+02    3.0303871485e+01
 790.4000000    1.8286675561e+02    3.0412131293e+01
 793.6000000    1.8276435823e+02    3.0513896854e+01
 796.8000000    1.8278208562e+02    3.0595923255e+01
 800.0000000    1.8267792347e+02    3.0666814553e+01
 803.2000000    1.8267980232e+02    3.0716875140e+01
 806.4000000    1.8257472711e+02    3.0752080400e+01
 809.6000000    1.8256013289e+02    3.0766641228e+01
 812.8000000    1.8245544078e+02    3.0763994128e+01
 816.0000000    1.8242453395e+02    3.0742412007e+01
 819.2000000    1.8232191908e+02    3.0702965425e+01
 822.4000000    1.8227552671e+02    3.0647969175e+01
 825.6000000    1.8217694271e+02    3.0576297020e+01
 828.8000000    1.8211635283e+02    3.0494147461e+01
 832.0000000    1.8202379331e+02    3.0398289789e+01
 835.2000000    1.8195050448e+02    3.0298540844e+01
 838.4000000    1.8186572835e+02    3.0189547260e+01
 841.6000000    1.8178120114e+02    3.0084380378e+01
 844.8000000    1.8170544163e+02    2.9975456603e+01
 848.0000000    1.8161089379e+02    2.9878620471e+01
 851.2000000    1.8154459845e+02    2.9783936667e+01
 854.4000000    1.8144087353e+02    2.9709384811e+01
 857.6000000    1.8138352300e+02    2.9642654747e+01
 860.8000000    1.8127104657e+02    2.9603025598e+01
 864.0000000    1.8122109208e+02    2.9576005818e+01
 867.2000000    1.8109991378e+02    2.9581124403e+01
 870.4000000    1.8105485597e+02    2.9602206470e+01
 873.6000000    1.8092476290e+02    2.9657797676e+01
 876.8000000    1.8088137203e+02    2.9730869898e+01
 880.0000000    1.8074205032e+02    2.9837657912e+01
 883.2000000    1.8069670244e+02    2.9961393559e+01
 886.4000000    1.8054792061e+02    3.0114721924e+01
 889.6000000    1.8049700247e+02    3.0282409879e+01
 892.8000000    1.8033879075e+02    3.0472456666e+01
 896.0000000    1.8027911134e+02    3.0672431504e+01
 899.2000000    1.8011191474e+02    3.0885022399e+01
 902.4000000    1.8004105792e+02    3.1101680734e+01
 905.6000000    1.7986584502e+02    3.1319629194e+01
 908.8000000    1.7978240650e+02    3.1534945906e+01
 912.0000000    1.7960071999e+02    3.1739784037e+01
 915.2000000    1.7950439199e+02    3.1935175455e+01
 918.4000000    1.7931832977e+02    3.2109090050e+01
 921.6000000    1.7920982442e+02    3.2267420498e+01
 924.8000000    1.7902194420e+02    3.2395181578e+01
 928.0000000    1.7890277452e+02    3.2502683122e+01
 931.2000000    1.7871592082e+02    3.2573349825e+01
 934.4000000    1.7858808195e+02    3.2621227157e+01
 937.6000000    1.7840514380e+02    3.2629437679e+01
 940.8000000    1.7827075068e+02    3.2614961682e+01
 944.0000000    1.7809437011e+02    3.2561657368e+01
 947.2000000    1.7795531022e+02    3.2488608455e+01
 950.4000000    1.7778757399e+02    3.2381101948e+01
 953.6000000    1.7764522561e+02    3.2259500221e+01
 956.8000000    1.7748738243e+02    3.2110867511e+01
 960.0000000    1.7734243238e+02    3.1956011227e+01
 963.2000000    1.7719468192e+02    3.1783860085e+01
 966.4000000    1.7704705741e+02    3.1614775517e+01
 969.6000000    1.7690845321e+02    3.1439510824e+01
 972.8000000    1.7675736348e+02    3.1276984849e+01
 976.0000000    1.7662585862e+02    3.1119747634e+01
 979.2000000    1.7646992837e+02    3.0984160901e+01
 982.4000000    1.7634257169e+02    3.0864656183e+01
 985.6000000    1.7618003998e+02    3.0773854450e+01
 988.8000000    1.7605330584e+02    3.0708298698e+01
 992.0000000    1.7588226189e+02    3.0675731758e+01
 995.2000000    1.7575247235e+02    3.0675141202e+01
 998.4000000    1.7557110164e+02    3.0708465110e+01
1001.6000000    1.7543488208e+02    3.0777471737e+01
1004.8000000    1.7524169948e+02    3.0877756117e+01
1008.0000000    1.7509640085e+02    3.1014082108e+01
1011.2000000    1.7489045097e+02    3.1175697339e+01
1014.4000000    1.7473447606e+02    3.1370347083e+01
1017.6000000    1.7451548366e+02    3.1581534075e+01
1020.8000000    1.7434846991e+02    3.1819684050e+01
1024.0000000    1.7411692517e+02    3.2063739703e+01
1027.2000000    1.7393975984e+02    3.2326229911e+01
1030.4000000    1.7369692551e+02    3.2583180869e+01
1033.6000000    1.7351159547e+02    3.2848446401e+01
1036.8000000    1.7325942810e+02    3.3097037695e+01
1040.0000000    1.7306873105e+02    3.3343273087e+01
1043.2000000    1.7280971518e+02    3.3563070347e+01
1046.4000000    1.7261687794e+02    3.3770397747e+01
1049.6000000    1.7235378312e+02    3.3943793736e+01
1052.8000000    1.7216204198e+02    3.4096210477e+01
1056.0000000    1.7189762416e+02    3.4210138969e+01
1059.2000000    1.7170982274e+02    3.4297049299e+01
1062.4000000    1.7144650333e+02    3.4344240374e+01
1065.6000000    1.7126475524e+02    3.4361425227e+01
1068.8000000    1.7100431885e+02    3.4341082863e+01
1072.0000000    1.7082976897e+02    3.4291024133e+01
1075.2000000    1.7057312365e+02    3.4208864806e+01
1078.4000000    1.7040582551e+02    3.4100408933e+01
1081.6000000    1.7015286449e+02    3.3968063349e+01
1084.8000000    1.6999177607e+02    3.3815475310e+01
1088.0000000    1.6974136793e+02    3.3649318183e+01
1091.2000000    1.6958445542e+02    3.3470834440e+01
1094.4000000    1.6933457217e+02    3.3290363167e+01
1097.6000000    1.6917900308e+02    3.3106395767e+01
1100.8000000    1.6892697512e+02    3.2932321824e+01
1104.0000000    1.6876937672e+02    3.2763492835e+01
1107.2000000    1.6851224478e+02    3.2615735598e+01
1110.4000000    1.6834900209e+02    3.2480930029e+01
1113.6000000    1.6808392124e+02    3.2376709124e+01
1116.8000000    1.6791148846e+02    3.2291325819e+01
1120.0000000    1.6763613100e+02    3.2243534906e+01
1123.2000000    1.6745133177e+02    3.2218090776e+01
1126.4000000    1.6716423601e+02    3.2234104385e+01
1129.6000000    1.6696452891e+02    3.2273310975e+01
1132.8000000    1.6666534914e+02    3.2354330387e+01
1136.0000000    1.6644903661e+02    3.2456716812e+01
1139.2000000    1.6613866438e+02    3.2597706482e+01
1142.4000000    1.6590502615e+02    3.2755812942e+01
1145.6000000    1.6558557066e+02    3.2946021552e+01
1148.8000000    1.6533490740e+02    3.3147137038e+01
1152.0000000    1.6500954144e+02    3.3371142814e+01
1155.2000000    1.6474312126e+02    3.3598513395e+01
1158.4000000    1.6441581502e+02    3.3837686525e+01
1161.6000000    1.6413572412e+02    3.4072080589e+01
1164.8000000    1.6381090112e+02    3.4306320532e+01
1168.0000000    1.6351980972e+02    3.4527807546e+01
1171.2000000    1.6320196531e+02    3.4737392356e+01
1174.4000000    1.6290283019e+02    3.4927174279e+01
1177.6000000    1.6259615313e+02    3.5094553907e+01
1180.8000000    1.6229188749e+02    3.5236684806e+01
1184.0000000    1.6199992039e+02    3.5348060072e+01
1187.2000000    1.6169306768e+02    3.5430900172e+01
1190.4000000    1.6141843396e+02    3.5477451846e+01
1193.6000000    1.6111088414e+02    3.5494726443e+01
1196.8000000    1.6085509999e+02    3.5473392003e+01
1200.0000000    1.6054788315e+02    3.5424761320e+01
1203.2000000    1.6031126349e+02    3.5338497359e+01
1206.4000000    1.6000444715e+02    3.5229587386e+01
1209.6000000    1.5978610672e+02    3.5087100054e+01
1212.8000000    1.5947881068e+02    3.4928992780e+01
1216.0000000    1.5927675455e+02    3.4743963555e+01
1219.2000000    1.5896728276e+02    3.4552193528e+01
1222.4000000    1.5877857570e+02    3.4342069633e+01
1225.6000000    1.5846464965e+02    3.4135218098e+01
1228.8000000    1.5828565040e+02    3.3919672916e+01
1232.0000000    1.5796471562e+02    3.3717686889e+01
1235.2000000    1.5779135921e+02    3.3516883229e+01
1238.4000000    1.5746092761e+02    3.3339271448e+01
1241.6000000    1.5728903654e+02    3.3172077386e+01
1244.8000000    1.5694702369e+02    3.3036145870e+01
1248.0000000    1.5677262628e+02    3.2918457857e+01
1251.2000000    1.5641764438e+02    3.2837743883e+01
1254.4000000    1.5623727636e+02    3.2781064158e+01
1257.6000000    1.5586885106e+02    3.2764109244e+01
1260.8000000    1.5567981534e+02    3.2774504484e+01
1264.0000000    1.5529850492e+02    3.2824076286e+01
1267.2000000    1.5509906522e+02    3.2901613065e+01
1270.4000000    1.5470647309e+02    3.3014445739e+01
1273.6000000    1.5449596045e+02    3.3153157910e+01
1276.8000000    1.5409464428e+02    3.3320234114e+01
1280.0000000    1.5387346212e+02    3.3508630811e+01
1283.2000000    1.5346675338e+02    3.3715980334e+01
1286.4000000    1.5323627587e+02    3.3938054818e+01
1289.6000000    1.5282803096e+02    3.4167998933e+01
1292.8000000    1.5259040127e+02    3.4404652304e+01
1296.0000000    1.5218470978e+02    3.4637383396e+01
1299.2000000    1.5194255652e+02    3.4868137719e+01
1302.4000000    1.5154343320e+02    3.5083493861e+01
1305.6000000    1.5129953431e+02    3.5288340469e+01
1308.8000000    1.5091061975e+02    3.5467616929e+01
1312.0000000    1.5066755111e+02    3.5628830846e+01
1315.2000000    1.5029184341e+02    3.5756466524e+01
1318.4000000    1.5005165251e+02    3.5860218888e+01
1321.6000000    1.4969128868e+02    3.5925205830e+01
1324.8000000    1.4945523171e+02    3.5962823301e+01
1328.0000000    1.4911133378e+02    3.5959710929e+01
1331.2000000    1.4887970735e+02    3.5928463010e+01
1334.4000000    1.4855230489e+02    3.5857863735e+01
1337.6000000    1.4832439151e+02    3.5761202739e+01
1340.8000000    1.4801242838e+02    3.5629749436e+01
1344.0000000    1.4778656109e+02    3.5476979313e+01
1347.2000000    1.4748799003e+02    3.5296734073e+01
1350.4000000    1.4726172633e+02    3.5102138319e+01
1353.6000000    1.4697368925e+02    3.4889501838e+01
1356.8000000    1.4674407220e+02    3.4671011916e+01
1360.0000000    1.4646315726e+02    3.4445229325e+01
1363.2000000    1.4622703172e+02    3.4222758355e+01
1366.4000000    1.4594959027e+02    3.4004155936e+01
1369.6000000    1.4570393789e+02    3.3797753679e+01
1372.8000000    1.4542643635e+02    3.3605867826e+01
1376.0000000    1.4516869284e+02    3.3433869281e+01
1379.2000000    1.4488806757e+02    3.3285641373e+01
1382.4000000    1.4461639016e+02    3.3162981174e+01
1385.6000000    1.4433036938e+02    3.3071188026e+01
1388.8000000    1.4404382967e+02    3.3008036651e+01
1392.0000000    1.4375118613e+02    3.2980105814e+01
1395.2000000    1.4344987303e+02    3.2980952948e+01
1398.4000000    1.4315057577e+02    3.3018276941e+01
1401.6000000    1.4283560203e+02    3.3081545402e+01
1404.8000000    1.4253084503e+02    3.3179362069e+01
1408.0000000    1.4220426016e+02    3.3297586339e+01
1411.2000000    1.4189635885e+02    3.3445438526e+01
1414.4000000    1.4156097790e+02    3.3605989816e+01
1417.6000000    1.4125314028e+02    3.3788721727e+01
1420.8000000    1.4091230391e+02    3.3975011210e+01
1424.0000000    1.4060829836e+02    3.4174206902e+01
1427.2000000    1.4026558416e+02    3.4367254861e+01
1430.4000000    1.3996933927e+02    3.4562981562e+01
1433.6000000    1.3962824725e+02    3.4743206566e+01
1436.8000000    1.3934342790e+02    3.4915896345e+01
1440.0000000    1.3900706574e+02    3.5064958158e+01
1443.2000000    1.3873667263e+02    3.5197248721e+01
1446.4000000    1.3840746747e+02    3.5299773459e+01
1449.6000000    1.3815350425e+02    3.5378133733e+01
1452.8000000    1.3783296804e+02    3.5423160277e+01
1456.0000000    1.3759621177e+02    3.5439148204e+01
1459.2000000    1.3728478473e+02    3.5421160355e+01
1462.4000000    1.3706468263e+02    3.5372196567e+01
1465.6000000    1.3676167532e+02    3.5291643691e+01
1468.8000000    1.3655637605e+02    3.5181231621e+01
1472.0000000    1.3626002267e+02    3.5044488139e+01
1475.2000000    1.3606653536e+02    3.4881863962e+01
1478.4000000    1.3577416125e+02    3.4700630698e+01
1481.6000000    1.3558862260e+02    3.4499879991e+01
1484.8000000    1.3529691662e+02    3.4290083120e+01
1488.0000000    1.3511493641e+02    3.4068810383e+01
1491.2000000    1.3482030663e+02    3.3849101409e+01
1494.4000000    1.3463735605e+02    3.3626779041e+01
1497.6000000    1.3433633564e+02    3.3416777277e+01
1500.8000000    1.3414814099e+02    3.3212928821e+01
1504.0000000    1.3383780287e+02    3.3031372403e+01
1507.2000000    1.3364070869e+02    3.2863758560e+01
1510.4000000    1.3331904375e+02    3.2726738644e+01
1513.6000000    1.3311031406e+02    3.2609712857e+01
1516.8000000    1.3277652910e+02    3.2529157456e+01
1520.0000000    1.3255456185e+02    3.2472341090e+01
1523.2000000    1.3220926105e+02    3.2454890854e+01
1526.4000000    1.3197369867e+02    3.2462288003e+01
1529.6000000    1.3161892423e+02    3.2508668508e+01
1532.8000000    1.3137065174e+02    3.2578299903e+01
1536.0000000    1.3100977531e+02    3.2683247621e+01
1539.2000000    1.3075080608e+02    3.2807335681e+01
1542.4000000    1.3038827935e+02    3.2960082335e+01
1545.6000000    1.3012153773e+02    3.3125769304e+01
1548.8000000    1.2976252664e+02    3.3311037000e+01
1552.0000000    1.2949154512e+02    3.3501569752e+01
1555.2000000    1.2914148514e+02    3.3700982070e+01
1558.4000000    1.2887004153e+02    3.3897254809e+01
1561.6000000    1.2853415987e+02    3.4091031339e+01
1564.8000000    1.2826588658e+02    3.4273344887e+01
1568.0000000    1.2794873990e+02    3.4442121790e+01
1571.2000000    1.2768674153e+02    3.4591998427e+01
1574.4000000    1.2739181530e+02    3.4718607591e+01
1577.6000000    1.2713833234e+02    3.4820495286e+01
1580.8000000    1.2686773997e+02    3.4891540009e+01
1584.0000000    1.2662389404e+02    3.4934249935e+01
1587.2000000    1.2637820306e+02    3.4941335057e+01
1590.4000000    1.2614385296e+02    3.4919080701e+01
1593.6000000    1.2592205197e+02    3.4859587542e+01
1596.8000000    1.2569578019e+02    3.4772530239e+01
1600.0000000    1.2549538645e+02    3.4649868457e+01
1603.2000000    1.2527462261e+02    3.4504119505e+01
1606.4000000    1.2509191766e+02    3.4327435262e+01
1609.6000000    1.2487319108e+02    3.4134514682e+01
1612.8000000    1.2470356049e+02    3.3917883035e+01
1616.0000000    1.2448285959e+02    3.3693684830e+01
1619.2000000    1.2432120524e+02    3.3454859894e+01
1622.4000000    1.2409440871e+02    3.3218218781e+01
1625.6000000    1.2393559680e+02    3.2977054035e+01
1628.8000000    1.2369893249e+02    3.2748044756e+01
1632.0000000    1.2353823856e+02    3.2524724604e+01
1635.2000000    1.2328872182e+02    3.2322848860e+01
1638.4000000    1.2312223496e+02    3.2136088912e+01
1641.6000000    1.2285803956e+02    3.1978514505e+01
1644.8000000    1.2268299173e+02    3.1843890512e+01
1648.0000000    1.2240371309e+02    3.1743901750e+01
1651.2000000    1.2221870539e+02    3.1672455663e+01
1654.4000000    1.2192548755e+02    3.1638254077e+01
1657.6000000    1.2173059346e+02    3.1635501198e+01
1660.8000000    1.2142610548e+02    3.1669463233e+01
1664.0000000    1.2122284102e+02    3.1734888955e+01
1667.2000000    1.2091110471e+02    3.1833345581e+01
1670.4000000    1.2070226641e+02    3.1960436913e+01
1673.6000000    1.2038835252e+02    3.2113992969e+01
1676.8000000    1.2017773577e+02    3.2290802575e+01
1680.0000000    1.1986735887e+02    3.2485165424e+01
1683.2000000    1.1965938022e+02    3.2695358491e+01
1686.4000000    1.1935843209e+02    3.2912600518e+01
1689.6000000    1.1915768899e+02    3.3136891684e+01
1692.8000000    1.1887175488e+02    3.3357033198e+01
1696.0000000    1.1868256331e+02    3.3574885792e+01
1699.2000000    1.1841646635e+02    3.3777657296e+01
1702.4000000    1.1824242033e+02    3.3969093628e+01
1705.6000000    1.1799983482e+02    3.4135721375e+01
1708.8000000    1.1784343121e+02    3.4283082822e+01
1712.0000000    1.1762659837e+02    3.4397940310e+01
1715.2000000    1.1748896497e+02    3.4487440471e+01
1718.4000000    1.1729853440e+02    3.4539420970e+01
1721.6000000    1.1717928980e+02    3.4562353916e+01
1724.8000000    1.1701429855e+02    3.4545844097e+01
1728.0000000    1.1691155934e+02    3.4499340847e+01
1731.2000000    1.1676954839e+02    3.4414710854e+01
1734.4000000    1.1668008414e+02    3.4301977994e+01
1737.6000000    1.1655734072e+02    3.4155545842e+01
1740.8000000    1.1647686197e+02    3.3985566777e+01
1744.0000000    1.1636876602e+02    3.3789041034e+01
1747.2000000    1.1629231642e+02    3.3575768497e+01
1750.4000000    1.1619376101e+02    3.3345218959e+01
1753.6000000    1.1611617410e+02    3.3106332701e+01
1756.8000000    1.1602202371e+02    3.2860780089e+01
1760.0000000    1.1593839814e+02    3.2616122022e+01
1763.2000000    1.1584394536e+02    3.2375871190e+01
1766.4000000    1.1575009124e+02    3.2145698261e+01
1769.6000000    1.1565147221e+02    3.1930561934e+01
1772.8000000    1.1554428467e+02    3.1733772233e+01
1776.0000000    1.1543881622e+02    3.1561341883e+01
1779.2000000    1.1531654079e+02    3.1413830746e+01
1782.4000000    1.1520294850e+02    3.1297947014e+01
1785.6000000    1.1506531438e+02    3.1211237158e+01
1788.8000000    1.1494382967e+02    3.1160794459e+01
1792.0000000    1.1479204083e+02    3.1141058875e+01
1795.2000000    1.1466435641e+02    3.1159249020e+01
1798.4000000    1.1450094450e+02    3.1206809776e+01
1801.6000000    1.1437003057e+02    3.1290870266e+01
1804.8000000    1.1419858674e+02    3.1400213825e+01
1808.0000000    1.1406838356e+02    3.1541701347e+01
1811.2000000    1.1389319713e+02    3.1702005308e+01
1814.4000000    1.1376821196e+02    3.1887568062e+01
1817.6000000    1.1359385159e+02    3.2083689337e+01
1820.8000000    1.1347869787e+02    3.2296267324e+01
1824.0000000    1.1330957511e+02    3.2510101683e+01
1827.2000000    1.1320849855e+02    3.2730446123e+01
1830.4000000    1.1304845395e+02    3.2942537074e+01
1833.6000000    1.1296489176e+02    3.3150912115e+01
1836.8000000    1.1281684099e+02    3.3342166043e+01
1840.0000000    1.1275305817e+02    3.3520080430e+01
1843.2000000    1.1261872939e+02    3.3673436510e+01
1846.4000000    1.1257556800e+02    3.3805251220e+01
1849.6000000    1.1245535358e+02    3.3907159512e+01
1852.8000000    1.1243211985e+02    3.3981429655e+01
1856.0000000    1.1232505530e+02    3.4023008475e+01
1859.2000000    1.1231955513e+02    3.4033442707e+01
1862.4000000    1.1222342721e+02    3.4011215376e+01
1865.6000000    1.1223214544e+02    3.3957171273e+01
1868.8000000    1.1214372004e+02    3.3873319958e+01
1872.0000000    1.1216212441e+02    3.3759796016e+01
1875.2000000    1.1207747421e+02    3.3621913462e+01
1878.4000000    1.1210041263e+02    3.3459043609e+01
1881.6000000    1.1201531526e+02    3.3279408145e+01
1884.8000000    1.1203746618e+02    3.3081508846e+01
1888.0000000    1.1194783674e+02    3.2875950307e+01
1891.2000000    1.1196416813e+02    3.2660209509e+01
1894.4000000    1.1186648571e+02    3.2446669809e+01
1897.6000000    1.1187267834e+02    3.2231597698e+01
1900.8000000    1.1176436582e+02    3.2028516464e+01
1904.0000000    1.1175716143e+02    3.1832297748e+01
1907.2000000    1.1163688107e+02    3.1656968363e+01
1910.4000000    1.1161432405e+02    3.1495862856e+01
1913.6000000    1.1148215853e+02    3.1362905977e+01
1916.8000000    1.1144371110e+02    3.1249838344e+01
1920.0000000    1.1130120993e+02    3.1169928500e+01
1923.2000000    1.1124773307e+02    3.1113389712e+01
1926.4000000    1.1109781723e+02    3.1092346841e+01
1929.6000000    1.1103142227e+02    3.1095701049e+01
1932.8000000    1.1087815377e+02    3.1134025158e+01
1936.0000000    1.1080194138e+02    3.1195278936e+01
1939.2000000    1.1065017832e+02    3.1288165518e+01
1942.4000000    1.1056789126e+02    3.1400214996e+01
1945.6000000    1.1042286072e+02    3.1538045189e+01
1948.8000000    1.1033848413e+02    3.1689374269e+01
1952.0000000    1.1020531409e+02    3.1858631021e+01
1955.2000000    1.1012266106e+02    3.2034394201e+01
1958.4000000    1.1000591717e+02    3.2218917802e+01
1961.6000000    1.0992823839e+02    3.2402307689e+01
1964.8000000    1.0983151102e+02    3.2584774372e+01
1968.0000000    1.0976116471e+02    3.2758549520e+01
1971.2000000    1.0968674691e+02    3.2922037996e+01
1974.4000000    1.0962495996e+02    3.3070073458e+01
1977.6000000    1.0957364749e+02    3.3199577890e+01
1980.8000000    1.0952039056e+02    3.3308299847e+01
1984.0000000    1.0949142283e+02    3.3392054165e+01
1987.2000000    1.0944541183e+02    3.3451631335e+01
1990.4000000    1.0943655829e+02    3.3482128310e+01
1993.6000000    1.0939538346e+02    3.3487315440e+01
1996.8000000    1.0940316549e+02    3.3461932647e+01
2000.0000000    1.0936353705e+02    3.3412493244e+01
