   0.0000000    0.0000000000e+00    0.0000000000e+00
   0.0000000    0.0000000000e+00    0.0000000000e+00
   3.2000000    7.4857061629e-02    1.1151064711e-03
   6.4000000    1.1170679388e-01    2.3051339827e-03
   9.6000000    2.2093851060e-01    3.3527408606e-03
  12.8000000    2.3134099653e-01    4.6175341964e-03
  16.0000000    3.4411609085e-01    5.5907535293e-03
  19.2000000    3.6814533020e-01    6.9238129315e-03
  22.4000000    4.5796917768e-01    7.8204691000e-03
  25.6000000    5.0676128665e-01    9.2168582186e-03
  28.8000000    5.6185466490e-01    1.0039375812e-02
  32.0000000    6.3044510800e-01    1.1496027246e-02
  35.2000000    6.6541768599e-01    1.2249177210e-02
  38.4000000    7.4404722148e-01    1.3763646292e-02
  41.6000000    7.7219658341e-01    1.4452757826e-02
  44.8000000    8.5006878864e-01    1.6022003025e-02
  48.0000000    8.7945376309e-01    1.6652174325e-02
  51.2000000    9.5493360498e-01    1.8271878904e-02
  54.4000000    9.8814664066e-01    1.8847931707e-02
  57.6000000    1.0691085927e+00    2.0512371392e-02
  60.8000000    1.1070992813e+00    2.1039162196e-02
  64.0000000    1.1965378850e+00    2.2741448864e-02
  67.2000000    1.2415563497e+00    2.3224237870e-02
  70.4000000    1.3387000602e+00    2.4956743290e-02
  73.6000000    1.3939082460e+00    2.5401451960e-02
  76.8000000    1.4935864603e+00    2.7156250650e-02
  80.0000000    1.5626055548e+00    2.7569550031e-02
  83.2000000    1.6578769629e+00    2.9338777881e-02
  86.4000000    1.7403332002e+00    2.9728023311e-02
  89.6000000    1.8261133044e+00    3.1504106547e-02
  92.8000000    1.9180833646e+00    3.1877168792e-02
  96.0000000    1.9916781205e+00    3.3652922151e-02
  99.2000000    2.0860343835e+00    3.4017969752e-02
 102.4000000    2.1469058657e+00    3.5786588893e-02
 105.6000000    2.2347740924e+00    3.6151865109e-02
 108.8000000    2.2837755685e+00    3.7906849172e-02
 112.0000000    2.3569933658e+00    3.8280471244e-02
 115.2000000    2.3953118573e+00    4.0015513299e-02
 118.4000000    2.4482615765e+00    4.0405308168e-02
 121.6000000    2.4764821232e+00    4.2114188981e-02
 124.8000000    2.5061585194e+00    4.2527570146e-02
 128.0000000    2.5243712402e+00    4.4204085932e-02
 131.2000000    2.5317373851e+00    4.4647969897e-02
 134.4000000    2.5398684954e+00    4.6285917101e-02
 137.6000000    2.5283134576e+00    4.6766673745e-02
 140.8000000    2.5266150781e+00    4.8359902570e-02
 144.0000000    2.5016361028e+00    4.8883331307e-02
 147.2000000    2.4913528409e+00    5.0425865449e-02
 150.4000000    2.4594201769e+00    5.0997188062e-02
 153.6000000    2.4429263703e+00    5.2483393540e-02
 156.8000000    2.4107063181e+00    5.3107255208e-02
 160.0000000    2.3918279830e+00    5.4532029993e-02
 163.2000000    2.3654789848e+00    5.5212501662e-02
 166.4000000    2.3491111173e+00    5.6571453300e-02
 169.6000000    2.3338492793e+00    5.7312030687e-02
 172.8000000    2.3253487838e+00    5.8601612548e-02
 176.0000000    2.3254763489e+00    5.9405208900e-02
 179.2000000    2.3303490888e+00    6.0622796258e-02
 182.4000000    2.3486754152e+00    6.1491727425e-02
 185.6000000    2.3712536049e+00    6.2635628998e-02
 188.8000000    2.4100133009e+00    6.3571590444e-02
 192.0000000    2.4535970226e+00    6.4641005403e-02
 195.2000000    2.5134414821e+00    6.5645041977e-02
 198.4000000    2.5791251717e+00    6.6639982806e-02
 201.6000000    2.6601592000e+00    6.7712453676e-02
 204.8000000    2.7472513129e+00    6.8633659412e-02
 208.0000000    2.8481837951e+00    6.9774202485e-02
 211.2000000    2.9537959081e+00    7.0623064266e-02
 214.4000000    3.0724926883e+00    7.1830566178e-02
 217.6000000    3.1921747599e+00    7.2609079219e-02
 220.8000000    3.3251132720e+00    7.3881657999e-02
 224.0000000    3.4531677401e+00    7.4592403768e-02
 227.2000000    3.5957651698e+00    7.5927410785e-02
 230.4000000    3.7257722678e+00    7.6573563293e-02
 233.6000000    3.8723979699e+00    7.7967609034e-02
 236.8000000    3.9978352838e+00    7.8552952324e-02
 240.0000000    4.1419852158e+00    8.0001956998e-02
 243.2000000    4.2567072270e+00    8.0530898357e-02
 246.4000000    4.3913886010e+00    8.2030164280e-02
 249.6000000    4.4900134694e+00    8.2507729515e-02
 252.8000000    4.6082451763e+00    8.4052028474e-02
 256.0000000    4.6864296544e+00    8.4483830592e-02
 259.2000000    4.7817934275e+00    8.6067497116e-02
 262.4000000    4.8363686797e+00    8.6459676215e-02
 265.6000000    4.9036107186e+00    8.8076697352e-02
 268.8000000    4.9326826672e+00    8.8435835578e-02
 272.0000000    4.9681069268e+00    9.0079929547e-02
 275.2000000    4.9710455098e+00    9.0412949292e-02
 278.4000000    4.9729040461e+00    9.2077628759e-02
 281.6000000    4.9502868727e+00    9.2391684033e-02
 284.8000000    4.9189732446e+00    9.4070303871e-02
 288.0000000    4.8725123252e+00    9.4372674144e-02
 291.2000000    4.8105146251e+00    9.6058467392e-02
 294.4000000    4.7429970485e+00    9.6356460723e-02
 297.6000000    4.6547510923e+00    9.8042569130e-02
 300.8000000    4.5698951181e+00    9.8343438069e-02
 304.0000000    4.4614269988e+00    1.0002294458e-01
 307.2000000    4.3638053705e+00    1.0033381508e-01
 310.4000000    4.2422344303e+00    1.0199978478e-01
 313.6000000    4.1371077566e+00    1.0232759592e-01
 316.8000000    4.0101159486e+00    1.0397312978e-01
 320.0000000    3.9032325326e+00    1.0432458072e-01
 323.2000000    3.7785215322e+00    1.0594288323e-01
 326.4000000    3.6758506368e+00    1.0632438387e-01
 329.6000000    3.5606430540e+00    1.0790884272e-01
 332.8000000    3.4680781653e+00    1.0832646502e-01
 336.0000000    3.3686872888e+00    1.0987073862e-01
 339.2000000    3.2917023318e+00    1.1033016697e-01
 342.4000000    3.2132135814e+00    1.1182827391e-01
 345.6000000    3.1564980485e+00    1.1233475421e-01
 348.8000000    3.1025901685e+00    1.1378115908e-01
 352.0000000    3.0697586826e+00    1.1433944709e-01
 355.2000000    3.0425619247e+00    1.1572913783e-01
 358.4000000    3.0358307953e+00    1.1634344836e-01
 361.6000000    3.0360092925e+00    1.1767200198e-01
 364.8000000    3.0560658991e+00    1.1834596061e-01
 368.0000000    3.0828453956e+00    1.1960959607e-01
 371.2000000    3.1287376580e+00    1.2034619515e-01
 374.4000000    3.1800851552e+00    1.2154181390e-01
 377.6000000    3.2493147013e+00    1.2234337445e-01
 380.8000000    3.3221018160e+00    1.2346859006e-01
 384.0000000    3.4107827923e+00    1.2433673100e-01
 387.2000000    3.5010063844e+00    1.2538988984e-01
 390.4000000    3.6041364008e+00    1.2632550571e-01
 393.6000000    3.7071542856e+00    1.2730570018e-01
 396.8000000    3.8189868882e+00    1.2830894821e-01
 400.0000000    3.9297323552e+00    1.2921602353e-01
 403.2000000    4.0441703035e+00    1.3028632071e-01
 406.4000000    4.1573924714e+00    1.3112087528e-01
 409.6000000    4.2684259028e+00    1.3225690557e-01
 412.8000000    4.3789140629e+00    1.3302028418e-01
 416.0000000    4.4809861613e+00    1.3422001576e-01
 419.2000000    4.5838325591e+00    1.3491429450e-01
 422.4000000    4.6721510883e+00    1.3617500637e-01
 425.6000000    4.7629793404e+00    1.3680296811e-01
 428.8000000    4.8337649265e+00    1.3812128494e-01
 432.0000000    4.9089252620e+00    1.3868638462e-01
 435.2000000    4.9595766490e+00    1.4005831810e-01
 438.4000000    5.0163000311e+00    1.4056463837e-01
 441.6000000    5.0454754650e+00    1.4198563308e-01
 444.8000000    5.0819930062e+00    1.4243783147e-01
 448.0000000    5.0895848541e+00    1.4390281339e-01
 451.2000000    5.1052112601e+00    1.4430606301e-01
 454.4000000    5.0922374168e+00    1.4580948962e-01
 457.6000000    5.0873873340e+00    1.4616941500e-01
 460.8000000    5.0558285510e+00    1.4770532731e-01
 464.0000000    5.0319608637e+00    1.4802793667e-01
 467.2000000    4.9845643968e+00    1.4959001435e-01
 470.4000000    4.9440580895e+00    1.4988162907e-01
 473.6000000    4.8841286192e+00    1.5146324946e-01
 476.8000000    4.8300983807e+00    1.5173043262e-01
 480.0000000    4.7612841939e+00    1.5332473309e-01
 483.2000000    4.6973591334e+00    1.5357422010e-01
 486.4000000    4.6234445844e+00    1.5517416204e-01
 489.6000000    4.5535284263e+00    1.5541279586e-01
 492.8000000    4.4782363710e+00    1.5701123065e-01
 496.0000000    4.4062619377e+00    1.5724590075e-01
 499.2000000    4.3330894071e+00    1.5883564221e-01
 502.4000000    4.2627855314e+00    1.5907322165e-01
 505.6000000    4.1948587574e+00    1.6064713186e-01
 508.8000000    4.1295546965e+00    1.6089440563e-01
 512.0000000    4.0695157296e+00    1.6244549706e-01
 515.2000000    4.0119898544e+00    1.6270908061e-01
 518.4000000    3.9619203149e+00    1.6423062573e-01
 521.6000000    3.9142849437e+00    1.6451688328e-01
 524.8000000    3.8756725114e+00    1.6600251168e-01
 528.0000000    3.8393258223e+00    1.6631749041e-01
 531.2000000    3.8130409912e+00    1.6776125297e-01
 534.4000000    3.7886769344e+00    1.6811064393e-01
 537.6000000    3.7749889422e+00    1.6950704012e-01
 540.8000000    3.7626439149e+00    1.6989615708e-01
 544.0000000    3.7612705876e+00    1.7124014891e-01
 547.2000000    3.7603987320e+00    1.7167389636e-01
 550.4000000    3.7705812628e+00    1.7296094887e-01
 553.6000000    3.7801650965e+00    1.7344374854e-01
 556.8000000    3.8007456760e+00    1.7466992323e-01
 560.0000000    3.8194286609e+00    1.7520559590e-01
 563.2000000    3.8489430090e+00    1.7636767879e-01
 566.4000000    3.8751553994e+00    1.7695932227e-01
 569.6000000    3.9119417047e+00    1.7805492003e-01
 572.8000000    3.9440113612e+00    1.7870485125e-01
 576.0000000    3.9863186535e+00    1.7973237828e-01
 579.2000000    4.0225716469e+00    1.8044218739e-01
 582.4000000    4.0686517696e+00    1.8140071553e-01
 585.6000000    4.1075010626e+00    1.8217141289e-01
 588.8000000    4.1556833312e+00    1.8306044372e-01
 592.0000000    4.1956937347e+00    1.8389260600e-01
 595.2000000    4.2444469114e+00    1.8471189866e-01
 598.4000000    4.2843704284e+00    1.8560569164e-01
 601.6000000    4.3323489324e+00    1.8635527994e-01
 604.8000000    4.3711360532e+00    1.8731028745e-01
 608.0000000    4.4172036920e+00    1.8799073095e-01
 611.2000000    4.4539991882e+00    1.8900563613e-01
 614.4000000    4.4972294731e+00    1.8961840879e-01
 617.6000000    4.5313554230e+00    1.9069069366e-01
 620.8000000    4.5710146843e+00    1.9123849834e-01
 624.0000000    4.6019431912e+00    1.9236437444e-01
 627.2000000    4.6374625414e+00    1.9285115996e-01
 630.4000000    4.6647808770e+00    1.9402586685e-01
 633.6000000    4.6957227366e+00    1.9445644575e-01
 636.8000000    4.7190980482e+00    1.9567487338e-01
 640.0000000    4.7451199114e+00    1.9605424798e-01
 643.2000000    4.7642684135e+00    1.9731163605e-01
 646.4000000    4.7850897861e+00    1.9764433328e-01
 649.6000000    4.7997529109e+00    1.9893669254e-01
 652.8000000    4.8151303188e+00    1.9922646656e-01
 656.0000000    4.8250600862e+00    2.0055043827e-01
 659.2000000    4.8347732916e+00    2.0080056650e-01
 662.4000000    4.8397284653e+00    2.0215268416e-01
 665.6000000    4.8435788307e+00    2.0236679792e-01
 668.8000000    4.8433336474e+00    2.0374243503e-01
 672.0000000    4.8411541452e+00    2.0392552492e-01
 675.2000000    4.8355176569e+00    2.0531804086e-01
 678.4000000    4.8271939230e+00    2.0547712070e-01
 681.6000000    4.8160392498e+00    2.0687771611e-01
 684.8000000    4.8015387604e+00    2.0702171983e-01
 688.0000000    4.7848374891e+00    2.0842025033e-01
 691.2000000    4.7642441804e+00    2.0855905515e-01
 694.4000000    4.7421037999e+00    2.0994562708e-01
 697.6000000    4.7156540081e+00    2.1008850587e-01
 700.8000000    4.6883519538e+00    2.1145528173e-01
 704.0000000    4.6564675734e+00    2.1160939360e-01
 707.2000000    4.6244806343e+00    2.1295185937e-01
 710.4000000    4.5877941422e+00    2.1312143690e-01
 713.6000000    4.5518176686e+00    2.1443852886e-01
 716.8000000    4.5111859276e+00    2.1462517340e-01
 720.0000000    4.4721413105e+00    2.1591808412e-01
 723.2000000    4.4286448326e+00    2.1612213454e-01
 726.4000000    4.3876718866e+00    2.1739214820e-01
 729.6000000    4.3425982221e+00    2.1761463172e-01
 732.8000000    4.3010318159e+00    2.1886075707e-01
 736.0000000    4.2558423216e+00    2.1910515876e-01
 739.2000000    4.2151730773e+00    2.2032246020e-01
 742.4000000    4.1714541360e+00    2.2059557562e-01
 745.6000000    4.1332741344e+00    2.2177489120e-01
 748.8000000    4.0926748814e+00    2.2208634661e-01
 752.0000000    4.0586110155e+00    2.2321560598e-01
 755.2000000    4.0227707953e+00    2.2357611706e-01
 758.4000000    3.9944088110e+00    2.2464291059e-01
 761.6000000    3.9648782706e+00    2.2506181978e-01
 764.8000000    3.9436825342e+00    2.2605642372e-01
 768.0000000    3.9218425504e+00    2.2653933652e-01
 771.2000000    3.9090759148e+00    2.2745722385e-01
 774.4000000    3.8960601518e+00    2.2800455951e-01
 777.6000000    3.8927081979e+00    2.2884757363e-01
 780.8000000    3.8893343843e+00    2.2945456152e-01
 784.0000000    3.8960392293e+00    2.3023034493e-01
 787.2000000    3.9027531479e+00    2.3088853540e-01
 790.4000000    3.9197616706e+00    2.3160834599e-01
 793.6000000    3.9365972942e+00    2.3230821898e-01
 796.8000000    3.9637275069e+00    2.3298375776e-01
 800.0000000    3.9902865420e+00    2.3371766114e-01
 803.2000000    4.0269141288e+00    2.3435782595e-01
 806.4000000    4.0623675801e+00    2.3512236694e-01
 809.6000000    4.1074336248e+00    2.3573085595e-01
 812.8000000    4.1505459832e+00    2.3652802860e-01
 816.0000000    4.2025867250e+00    2.3710245658e-01
 819.2000000    4.2517609716e+00    2.3793915829e-01
 822.4000000    4.3089597278e+00    2.3847190890e-01
 825.6000000    4.3623001765e+00    2.3935795866e-01
 828.8000000    4.4225594811e+00    2.3983851665e-01
 832.0000000    4.4779498485e+00    2.4078369971e-01
 835.2000000    4.5389793723e+00    2.4120182385e-01
 838.4000000    4.5941735545e+00    2.4221273895e-01
 841.6000000    4.6535884973e+00    2.4256164714e-01
 844.8000000    4.7063099660e+00    2.4363916628e-01
 848.0000000    4.7617353290e+00    2.4391793966e-01
 851.2000000    4.8097792879e+00    2.4505591566e-01
 854.4000000    4.8589559246e+00    2.4527055971e-01
 857.6000000    4.9002878333e+00    2.4645609379e-01
 860.8000000    4.9411756393e+00    2.4661904414e-01
 864.0000000    4.9740211660e+00    2.4783424692e-01
 867.2000000    5.0048936860e+00    2.4796248161e-01
 870.4000000    5.0278165037e+00    2.4918731960e-01
 873.6000000    5.0473414149e+00    2.4929954844e-01
 876.8000000    5.0593062282e+00    2.5051513963e-01
 880.0000000    5.0666071047e+00    2.5062872076e-01
 883.2000000    5.0670254340e+00    2.5182036966e-01
 886.4000000    5.0617218486e+00    2.5194862542e-01
 889.6000000    5.0504786181e+00    2.5310797352e-01
 892.8000000    5.0327029928e+00    2.5325845084e-01
 896.0000000    5.0101625946e+00    2.5438433261e-01
 899.2000000    4.9805536561e+00    2.5455831749e-01
 902.4000000    4.9475450998e+00    2.5565619934e-01
 905.6000000    4.9072189674e+00    2.5584951166e-01
 908.8000000    4.8650008266e+00    2.5692968411e-01
 912.0000000    4.8155016031e+00    2.5713451266e-01
 915.2000000    4.7657087566e+00    2.5820944288e-01
 918.4000000    4.7089410528e+00    2.5841678753e-01
 921.6000000    4.6535163222e+00    2.5949817483e-01
 924.8000000    4.5916627993e+00    2.5970037638e-01
 928.0000000    4.5327770411e+00    2.6079646991e-01
 931.2000000    4.4682049792e+00    2.6098933526e-01
 934.4000000    4.4081691924e+00    2.6210297939e-01
 937.6000000    4.3433308866e+00    2.6228713139e-01
 940.8000000    4.2845037632e+00    2.6341483272e-01
 944.0000000    4.2218358696e+00    2.6359609295e-01
 947.2000000    4.1665302863e+00    2.6472819715e-01
 950.4000000    4.1083569368e+00    2.6491700295e-01
 953.6000000    4.0587490511e+00    2.6603887307e-01
 956.8000000    4.0071928449e+00    2.6624889796e-01
 960.0000000    3.9652375676e+00    2.6734283403e-01
 963.2000000    3.9221416384e+00    2.6758909637e-01
 966.4000000    3.8894981192e+00    2.6863664726e-01
 969.6000000    3.8563616548e+00    2.6893344458e-01
 972.8000000    3.8343318090e+00    2.6991774156e-01
 976.0000000    3.8122609060e+00    2.7027673961e-01
 979.2000000    3.8017430301e+00    2.7118451852e-01
 982.4000000    3.7914182588e+00    2.7161326629e-01
 985.6000000    3.7928770190e+00    2.7243632578e-01
 988.8000000    3.7945381904e+00    2.7293737818e-01
 992.0000000    3.8079917206e+00    2.7367332642e-01
 995.2000000    3.8214395373e+00    2.7424405263e-01
 998.4000000    3.8464636241e+00    2.7489630568e-01
1001.6000000    3.8710772997e+00    2.7552935972e-01
1004.8000000    3.9068260352e+00    2.7610645575e-01
1008.0000000    3.9415952607e+00    2.7679080099e-01
1011.2000000    3.9868370925e+00    2.7730517350e-01
1014.4000000    4.0304063760e+00    2.7802749262e-01
1017.6000000    4.0835736543e+00    2.7849389599e-01
1020.8000000    4.1342971426e+00    2.7924018732e-01
1024.0000000    4.1935466618e+00    2.7967398772e-01
1027.2000000    4.2495512140e+00    2.8043114637e-01
1030.4000000    4.3128333663e+00    2.8084668349e-01
1033.6000000    4.3720871879e+00    2.8160388645e-01
1036.8000000    4.4372211851e+00    2.8201308278e-01
1040.0000000    4.4976056896e+00    2.8276283466e-01
1043.2000000    4.5623577020e+00    2.8317418576e-01
1046.4000000    4.6217406260e+00    2.8391292968e-01
1049.6000000    4.6839019028e+00    2.8433095719e-01
1052.8000000    4.7402092402e+00    2.8505920814e-01
1056.0000000    4.7976720247e+00    2.8548440147e-01
1059.2000000    4.8489562169e+00    2.8620641385e-01
1062.4000000    4.8997851895e+00    2.8663563047e-01
1065.6000000    4.9442878619e+00    2.8735866319e-01
1068.8000000    4.9867844205e+00    2.8778590636e-01
1072.0000000    5.0229924695e+00    2.8851919282e-01
1075.2000000    5.0557497363e+00    2.8893664486e-01
1078.4000000    5.0824431722e+00    2.8969020529e-01
1081.6000000    5.1043906029e+00    2.9008937133e-01
1084.8000000    5.1206805118e+00    2.9087281577e-01
1088.0000000    5.1311171294e+00    2.9124563172e-01
1091.2000000    5.1364729313e+00    2.9206708994e-01
1094.4000000    5.1350879938e+00    2.9240687017e-01
1097.6000000    5.1293537214e+00    2.9327215254e-01
1100.8000000    5.1162341953e+00    2.9357429292e-01
1104.0000000    5.0996332835e+00    2.9448634079e-01
1107.2000000    5.0752584706e+00    2.9474874108e-01
1110.4000000    5.0483864681e+00    2.9570737672e-01
1113.6000000    5.0136104771e+00    2.9593059211e-01
1116.8000000    4.9774157647e+00    2.9693253918e-01
1120.0000000    4.9334383004e+00    2.9711970260e-01
1123.2000000    4.8891916833e+00    2.9815882431e-01
1126.4000000    4.8375177545e+00    2.9831539548e-01
1129.6000000    4.7867719840e+00    2.9938309250e-01
1132.8000000    4.7291618110e+00    2.9951648633e-01
1136.0000000    4.6737019474e+00    3.0060220455e-01
1139.2000000    4.6121129595e+00    3.0072133865e-01
1142.4000000    4.5538986680e+00    3.0181315049e-01
1145.6000000    4.4904215466e+00    3.0192793739e-01
1148.8000000    4.4315229831e+00    3.0301317105e-01
1152.0000000    4.3683135312e+00    3.0313397233e-01
1155.2000000    4.3108429665e+00    3.0419986680e-01
1158.4000000    4.2500516271e+00    3.0433692707e-01
1161.6000000    4.1960930587e+00    3.0537128622e-01
1164.8000000    4.1397942173e+00    3.0553417149e-01
1168.0000000    4.0913331008e+00    3.0652598342e-01
1171.2000000    4.0414565430e+00    3.0672305605e-01
1174.4000000    4.0003117527e+00    3.0766303973e-01
1177.6000000    3.9585785673e+00    3.0790100424e-01
1180.8000000    3.9263388363e+00    3.0878204865e-01
1184.0000000    3.8942037667e+00    3.0906559754e-01
1187.2000000    3.8721709328e+00    3.0988306947e-01
1190.4000000    3.8507729461e+00    3.1021464617e-01
1193.6000000    3.8399141464e+00    3.1096655834e-01
1196.8000000    3.8300368807e+00    3.1134624079e-01
1200.0000000    3.8309474549e+00    3.1203328581e-01
1203.2000000    3.8329910627e+00    3.1245878423e-01
1206.4000000    3.8458695455e+00    3.1308424775e-01
1209.6000000    3.8598350930e+00    3.1355100712e-01
1212.8000000    3.8844713791e+00    3.1412057367e-01
1216.0000000    3.9099584600e+00    3.1462197464e-01
1219.2000000    3.9457358952e+00    3.1514343433e-01
1222.4000000    3.9819536232e+00    3.1567109179e-01
1225.6000000    4.0278653015e+00    3.1615395101e-01
1228.8000000    4.0736564545e+00    3.1669811198e-01
1232.0000000    4.1283354155e+00    3.1715311100e-01
1235.2000000    4.1822131408e+00    3.1770314809e-01
1238.4000000    4.2439755847e+00    3.1814169693e-01
1241.6000000    4.3041716587e+00    3.1868668036e-01
1244.8000000    4.3710718154e+00    3.1912023906e-01
1248.0000000    4.4355949777e+00    3.1964955199e-01
1251.2000000    4.5054898708e+00    3.2008899880e-01
1254.4000000    4.5721923045e+00    3.2059294381e-01
1257.6000000    4.6428142887e+00    3.2104798712e-01
1260.8000000    4.7094639913e+00    3.2151832345e-01
1264.0000000    4.7784985742e+00    3.2199701555e-01
1267.2000000    4.8428551872e+00    3.2242737015e-01
1270.4000000    4.9080213321e+00    3.2293577018e-01
1273.6000000    4.9679128969e+00    3.2332188282e-01
1276.8000000    5.0270428365e+00    3.2386389482e-01
1280.0000000    5.0804408705e+00    3.2420368299e-01
1283.2000000    5.1315564811e+00    3.2478106735e-01
1286.4000000    5.1766467183e+00    3.2507452532e-01
1289.6000000    5.2180296667e+00    3.2568705609e-01
1292.8000000    5.2532758755e+00    3.2593602622e-01
1296.0000000    5.2835289834e+00    3.2658174789e-01
1299.2000000    5.3077274949e+00    3.2678961655e-01
1302.4000000    5.3258250382e+00    3.2746514635e-01
1305.6000000    5.3381479877e+00    3.2763651910e-01
1308.8000000    5.3434729976e+00    3.2833734464e-01
1312.0000000    5.3434987140e+00    3.2847774701e-01
1315.2000000    5.3358658106e+00    3.2919848168e-01
1318.4000000    5.3235952322e+00    3.2931411628e-01
1321.6000000    5.3032580912e+00    3.3004869228e-01
1324.8000000    5.2791165427e+00    3.3014626454e-01
1328.0000000    5.2467597120e+00    3.3088806133e-01
1331.2000000    5.2115838652e+00    3.3097466916e-01
1334.4000000    5.1682992618e+00    3.3171658978e-01
1337.6000000    5.1233096210e+00    3.3179965902e-01
1340.8000000    5.0705586118e+00    3.3253417746e-01
1344.0000000    5.0173183967e+00    3.3262141713e-01
1347.2000000    4.9568808897e+00    3.3334062407e-01
1350.4000000    4.8972427019e+00    3.3343997323e-01
1353.6000000    4.8311551256e+00    3.3413564686e-01
1356.8000000    4.7671972534e+00    3.3425518793e-01
1360.0000000    4.6976816839e+00    3.3491891090e-01
1363.2000000    4.6316362921e+00    3.3506673211e-01
1366.4000000    4.5610232841e+00    3.3569006582e-01
1369.6000000    4.4951990336e+00    3.3587406667e-01
1372.8000000    4.4258469268e+00    3.3644878182e-01
1376.0000000    4.3625487593e+00    3.3667642856e-01
1379.2000000    4.2967623500e+00    3.3719477783e-01
1382.4000000    4.2382112617e+00    3.3747282899e-01
1385.6000000    4.1781627291e+00    3.3792783582e-01
1388.8000000    4.1264183535e+00    3.3826206766e-01
1392.0000000    4.0740732174e+00    3.3864779809e-01
1395.2000000    4.0309619455e+00    3.3904276480e-01
1398.4000000    3.9880125991e+00    3.3935454733e-01
1401.6000000    3.9550637808e+00    3.3981340887e-01
1404.8000000    3.9228728327e+00    3.4004797336e-01
1408.0000000    3.9012653165e+00    3.4057241489e-01
1411.2000000    3.8808205983e+00    3.4072793299e-01
1414.4000000    3.8713414954e+00    3.4131818600e-01
1417.6000000    3.8632241670e+00    3.4139421109e-01
1420.8000000    3.8662412757e+00    3.4204916978e-01
1424.0000000    3.8706079989e+00    3.4204649081e-01
1427.2000000    3.8860568340e+00    3.4276390224e-01
1430.4000000    3.9026364947e+00    3.4268433868e-01
1433.6000000    3.9300223438e+00    3.4346103451e-01
1436.8000000    3.9581273041e+00    3.4330720719e-01
1440.0000000    3.9965422023e+00    3.4413934083e-01
1443.2000000    4.0350935763e+00    3.4391445369e-01
1446.4000000    4.0832475668e+00    3.4479770982e-01
1449.6000000    4.1308135496e+00    3.4450537127e-01
1452.8000000    4.1870791012e+00    3.4543512361e-01
1456.0000000    4.2419249603e+00    3.4507922539e-01
1459.2000000    4.3043929568e+00    3.4605063104e-01
1462.4000000    4.3645409309e+00    3.4563528936e-01
1465.6000000    4.4310862494e+00    3.4664332112e-01
1468.8000000    4.4943832953e+00    3.4617287267e-01
1472.0000000    4.5627376714e+00    3.4721230186e-01
1475.2000000    4.6269287658e+00    3.4669133846e-01
1478.4000000    4.6947584038e+00    3.4775668785e-01
1481.6000000    4.7575629472e+00    3.4719010841e-01
1484.8000000    4.8225481912e+00    3.4827559775e-01
1488.0000000    4.8817369825e+00    3.4766865591e-01
1491.2000000    4.9416513098e+00    3.4876816108e-01
1494.4000000    4.9951215589e+00    3.4812649026e-01
1497.6000000    5.0479072007e+00    3.4923353203e-01
1500.8000000    5.0937531307e+00    3.4856313528e-01
1504.0000000    5.1375907551e+00    3.4967090751e-01
1507.2000000    5.1741675002e+00    3.4897810635e-01
1510.4000000    5.2075376151e+00    3.5007954591e-01
1513.6000000    5.2335163424e+00    3.4937088928e-01
1516.8000000    5.2552503801e+00    3.5045878334e-01
1520.0000000    5.2696628439e+00    3.4974092352e-01
1523.2000000    5.2789822554e+00    3.5080804465e-01
1526.4000000    5.2812533390e+00    3.5008759131e-01
1529.6000000    5.2777954376e+00    3.5112684715e-01
1532.8000000    5.2677626257e+00    3.5041021292e-01
1536.0000000    5.2515923761e+00    3.5141479590e-01
1539.2000000    5.2295115187e+00    3.5070804750e-01
1542.4000000    5.2011189494e+00    3.5167157078e-01
1545.6000000    5.1676561168e+00    3.5098029772e-01
1548.8000000    5.1279395087e+00    3.5189690630e-01
1552.0000000    5.0841491999e+00    3.5122611643e-01
1555.2000000    5.0343846676e+00    3.5209056627e-01
1558.4000000    4.9816750813e+00    3.5144461319e-01
1561.6000000    4.9234736085e+00    3.5225231597e-01
1564.8000000    4.8635601071e+00    3.5163485909e-01
1568.0000000    4.7988135137e+00    3.5238189438e-01
1571.2000000    4.7336617963e+00    3.5179588912e-01
1574.4000000    4.6644794637e+00    3.5247898916e-01
1577.6000000    4.5962403147e+00    3.5192670199e-01
1580.8000000    4.5248787905e+00    3.5254321581e-01
1584.0000000    4.4558165504e+00    3.5202625855e-01
1587.2000000    4.3846043820e+00    3.5257410205e-01
1590.4000000    4.3170214897e+00    3.5209348015e-01
1593.6000000    4.2482817922e+00    3.5257107741e-01
1596.8000000    4.1844418896e+00    3.5212724855e-01
1600.0000000    4.1204152086e+00    3.5253346762e-01
1603.2000000    4.0624673641e+00    3.5212640846e-01
1606.4000000    4.0052373678e+00    3.5246049285e-01
1609.6000000    3.9551439448e+00    3.5208977304e-01
1612.8000000    3.9065683943e+00    3.5235126924e-01
1616.0000000    3.8660389652e+00    3.5201613136e-01
1619.2000000    3.8276882414e+00    3.5220481320e-01
1622.4000000    3.7981217508e+00    3.5190425642e-01
1625.6000000    3.7712269616e+00    3.5202004818e-01
1628.8000000    3.7536640845e+00    3.5175291122e-01
1632.0000000    3.7390764456e+00    3.5179581396e-01
1635.2000000    3.7341637650e+00    3.5156085084e-01
1638.4000000    3.7323265692e+00    3.5153087844e-01
1641.6000000    3.7402938019e+00    3.5132681865e-01
1644.8000000    3.7512278899e+00    3.5122395151e-01
1648.0000000    3.7718789484e+00    3.5104953616e-01
1651.2000000    3.7951821488e+00    3.5087370071e-01
1654.4000000    3.8279003702e+00    3.5072768695e-01
1657.6000000    3.8627609143e+00    3.5047876738e-01
1660.8000000    3.9065283169e+00    3.5035989659e-01
1664.0000000    3.9517517684e+00    3.5003778228e-01
1667.2000000    4.0051817277e+00    3.4994471144e-01
1670.4000000    4.0592305242e+00    3.4954937903e-01
1673.6000000    4.1206128039e+00    3.4948057970e-01
1676.8000000    4.1816570977e+00    3.4901220392e-01
1680.0000000    4.2490137482e+00    3.4896583819e-01
1683.2000000    4.3149918628e+00    3.4842492105e-01
1686.4000000    4.3861421355e+00    3.4839870768e-01
1689.6000000    4.4548286359e+00    3.4778621201e-01
1692.8000000    4.5274607537e+00    3.4777729846e-01
1696.0000000    4.5965398824e+00    3.4709477001e-01
1699.2000000    4.6682872680e+00    3.4709962666e-01
1702.4000000    4.7354293273e+00    3.4634928921e-01
1705.6000000    4.8039487382e+00    3.4636364015e-01
1708.8000000    4.8668869023e+00    3.4554845037e-01
1712.0000000    4.9299358546e+00    3.4556725163e-01
1715.2000000    4.9865408827e+00    3.4469090461e-01
1718.4000000    5.0420517732e+00    3.4470837578e-01
1721.6000000    5.0904021620e+00    3.4377525738e-01
1724.8000000    5.1365506095e+00    3.4378496648e-01
1728.0000000    5.1749958771e+00    3.4280005451e-01
1731.2000000    5.2102609974e+00    3.4279505049e-01
1734.4000000    5.2374760224e+00    3.4176377256e-01
1737.6000000    5.2606906223e+00    3.4173675441e-01
1740.8000000    5.2757192593e+00    3.4066481472e-01
1744.0000000    5.2861082767e+00    3.4060832286e-01
1747.2000000    5.2883948226e+00    3.3950151355e-01
1750.4000000    5.2856007412e+00    3.3940812677e-01
1753.6000000    5.2750082241e+00    3.3827214071e-01
1756.8000000    5.2591026344e+00    3.3813466247e-01
1760.0000000    5.2359173303e+00    3.3697492353e-01
1763.2000000    5.2073982749e+00    3.3678654312e-01
1766.4000000    5.1723203118e+00    3.3560806733e-01
1769.6000000    5.1320955319e+00    3.3536248531e-01
1772.8000000    5.0862159013e+00    3.3416978215e-01
1776.0000000    5.0355725699e+00    3.3386129387e-01
1779.2000000    4.9803373121e+00    3.3265831204e-01
1782.4000000    4.9208992891e+00    3.3228184844e-01
1785.6000000    4.8580620452e+00    3.3107196503e-01
1788.8000000    4.7917361045e+00    3.3062309437e-01
1792.0000000    4.7233006033e+00    3.2940914219e-01
1795.2000000    4.6522134448e+00    3.2888404014e-01
1798.4000000    4.5803678260e+00    3.2766836423e-01
1801.6000000    4.5067959889e+00    3.2706376224e-01
1804.8000000    4.4338411280e+00    3.2584829492e-01
1808.0000000    4.3601361452e+00    3.2516141731e-01
1811.2000000    4.2884103417e+00    3.2394776070e-01
1814.4000000    4.2169216281e+00    3.2317626059e-01
1817.6000000    4.1487241370e+00    3.2196576654e-01
1820.8000000    4.0817221624e+00    3.2110766886e-01
1824.0000000    4.0192380843e+00    3.1990150837e-01
1827.2000000    3.9588403663e+00    3.1895516582e-01
1830.4000000    3.9040693627e+00    3.1775438266e-01
1833.6000000    3.8521717048e+00    3.1671844799e-01
1836.8000000    3.8068628776e+00    3.1552399400e-01
1840.0000000    3.7650780989e+00    3.1439740934e-01
1843.2000000    3.7306731630e+00    3.1321016146e-01
1846.4000000    3.7002793064e+00    3.1199216368e-01
1849.6000000    3.6778659106e+00    3.1081292483e-01
1852.8000000    3.6597655957e+00    3.0950306426e-01
1856.0000000    3.6500423063e+00    3.0833255165e-01
1859.2000000    3.6447345198e+00    3.0693072084e-01
1862.4000000    3.6479885989e+00    3.0576954600e-01
1865.6000000    3.6555537988e+00    3.0427601501e-01
1868.8000000    3.6716524832e+00    3.0312465994e-01
1872.0000000    3.6917514531e+00    3.0154011490e-01
1875.2000000    3.7201469951e+00    3.0039890833e-01
1878.4000000    3.7520334326e+00    2.9872449052e-01
1881.6000000    3.7917817111e+00    2.9759358743e-01
1884.8000000    3.8343280833e+00    2.9583093112e-01
1888.0000000    3.8841201457e+00    2.9471029764e-01
1891.2000000    3.9358559142e+00    2.9286156539e-01
1894.4000000    3.9940613877e+00    2.9175097003e-01
1897.6000000    4.0532223046e+00    2.8981888513e-01
1900.8000000    4.1179432250e+00    2.8871789636e-01
1904.0000000    4.1825300455e+00    2.8670577229e-01
1907.2000000    4.2516633139e+00    2.8561376174e-01
1910.4000000    4.3195079700e+00    2.8352552871e-01
1913.6000000    4.3908143683e+00    2.8244167874e-01
1916.8000000    4.4596514139e+00    2.8028190731e-01
1920.0000000    4.5308288997e+00    2.7920522175e-01
1923.2000000    4.5983698724e+00    2.7697914310e-01
1926.4000000    4.6671287374e+00    2.7590846003e-01
1929.6000000    4.7311369992e+00    2.7362198196e-01
1932.8000000    4.7952744225e+00    2.7255598806e-01
1936.0000000    4.8536380344e+00    2.7021570528e-01
1939.2000000    4.9111095855e+00    2.6915295166e-01
1942.4000000    4.9619098444e+00    2.6676614844e-01
1945.6000000    5.0108956019e+00    2.6570506858e-01
1948.8000000    5.0524690187e+00    2.6327971176e-01
1952.0000000    5.0914321501e+00    2.6221864256e-01
1955.2000000    5.1224238713e+00    2.5976336286e-01
1958.4000000    5.1501597745e+00    2.5870056993e-01
1961.6000000    5.1695667347e+00    2.5622463000e-01
1964.8000000    5.1852411581e+00    2.5515833846e-01
1968.0000000    5.1924435937e+00    2.5267158669e-01
1971.2000000    5.1956185158e+00    2.5160001823e-01
1974.4000000    5.1903988547e+00    2.4911282819e-01
1977.6000000    5.1810453131e+00    2.4803424491e-01
1980.8000000    5.1635938679e+00    2.4555744127e-01
1984.0000000    5.1420913571e+00    2.4447019598e-01
1987.2000000    5.1129986860e+00    2.4201496858e-01
1990.4000000    5.0801211885e+00    2.4091756084e-01
1993.6000000    5.0403574185e+00    2.3849536931e-01
1996.8000000    4.9972465700e+00    2.3738650578e-01
2000.0000000    4.9481284068e+00    2.3500897768e-01
2003.2000000    4.8962547206e+00    2.3388763504e-01
2006.4000000    4.8394012651e+00    2.3156646058e-01
2009.6000000    4.7805147292e+00    2.3043194897e-01
2012.8000000    4.7177935843e+00    2.2817877554e-01
2016.0000000    4.6538652908e+00    2.2703080031e-01
2019.2000000    4.5873307533e+00    2.2485712968e-01
2022.4000000    4.5204875091e+00    2.2369584934e-01
2025.6000000    4.4523128947e+00    2.2161293986e-01
2028.8000000    4.3847669862e+00    2.2043901823e-01
2032.0000000    4.3171733207e+00    2.1845779411e-01
2035.2000000    4.2511497579e+00    2.1727244499e-01
2038.4000000    4.1863331785e+00    2.1540341371e-01
2041.6000000    4.1239968172e+00    2.1420843667e-01
2044.8000000    4.0640570622e+00    2.1246161541e-01
2048.0000000    4.0074420012e+00    2.1125942159e-01
2051.2000000    3.9543143212e+00    2.0964427263e-01
2054.4000000    3.9052578840e+00    2.0843789993e-01
2057.6000000    3.8606505908e+00    2.0696327485e-01
2060.8000000    3.8207340435e+00    2.0575639207e-01
2064.0000000    3.7860737158e+00    2.0443048404e-01
2067.2000000    3.7565716425e+00    2.0322738399e-01
2070.4000000    3.7329577542e+00    2.0205768728e-01
2073.6000000    3.7147977154e+00    2.0086326890e-01
2076.8000000    3.7029681333e+00    1.9985654473e-01
2080.0000000    3.6967018906e+00    1.9867628467e-01
2083.2000000    3.6970103289e+00    1.9783853255e-01
2086.4000000    3.7027975305e+00    1.9667844659e-01
2089.6000000    3.7152036502e+00    1.9601488030e-01
2092.8000000    3.7328084569e+00    1.9488147518e-01
2096.0000000    3.7568808828e+00    1.9439650295e-01
2099.2000000    3.7856815875e+00    1.9329671917e-01
2102.4000000    3.8206136890e+00    1.9299392754e-01
2105.6000000    3.8596249489e+00    1.9193507367e-01
2108.8000000    3.9042628122e+00    1.9181721507e-01
2112.0000000    3.9521697039e+00    1.9080689421e-01
2115.2000000    4.0050513258e+00    1.9087587800e-01
2118.4000000    4.0602540422e+00    1.8992190700e-01
2121.6000000    4.1196584086e+00    1.9017879433e-01
2124.8000000    4.1803260739e+00    1.8928911636e-01
2128.0000000    4.2443304697e+00    1.8973411879e-01
2131.2000000    4.3084622539e+00    1.8891671009e-01
2134.4000000    4.3750058831e+00    1.8954919234e-01
2137.6000000    4.4404973656e+00    1.8881196383e-01
2140.8000000    4.5074491665e+00    1.8963045060e-01
2144.0000000    4.5721617355e+00    1.8898114526e-01
2147.2000000    4.6373901427e+00    1.8998333227e-01
2150.4000000    4.6992211277e+00    1.8942941938e-01
2153.6000000    4.7606634819e+00    1.9061218845e-01
2156.8000000    4.8176147069e+00    1.9016075571e-01
2160.0000000    4.8733440335e+00    1.9152019369e-01
2163.2000000    4.9235865416e+00    1.9117783857e-01
2166.4000000    4.9718735182e+00    1.9270925970e-01
2169.6000000    5.0138063586e+00    1.9248198142e-01
2172.8000000    5.0531744592e+00    1.9417995259e-01
2176.0000000    5.0854756372e+00    1.9407304633e-01
2179.2000000    5.1147476771e+00    1.9593141459e-01
2182.4000000    5.1364156357e+00    1.9594936939e-01
2185.6000000    5.1547502335e+00    1.9796129119e-01
2188.8000000    5.1651345602e+00    1.9810769338e-01
2192.0000000    5.1720513731e+00    2.0026566462e-01
2195.2000000    5.1708717892e+00    2.0054310830e-01
2198.4000000    5.1662647564e+00    2.0283899470e-01
2201.6000000    5.1536178380e+00    2.0324900097e-01
2204.8000000    5.1377560661e+00    2.0567406827e-01
2208.0000000    5.1141095572e+00    2.0621701454e-01
2211.2000000    5.0876258920e+00    2.0876195802e-01
2214.4000000    5.0538008806e+00    2.0943701878e-01
2217.6000000    5.0176686175e+00    2.1209199203e-01
2220.8000000    4.9748102442e+00    2.1289709203e-01
2224.0000000    4.9303088177e+00    2.1565173494e-01
2227.2000000    4.8798465629e+00    2.1658351573e-01
2230.4000000    4.8285174179e+00    2.1942698183e-01
2233.6000000    4.7721163486e+00    2.2048078206e-01
2236.8000000    4.7157105119e+00    2.2340176563e-01
2240.0000000    4.6552151613e+00    2.2457161550e-01
2243.2000000    4.5956342982e+00    2.2755837897e-01
2246.4000000    4.5330070806e+00    2.2883700886e-01
2249.6000000    4.4722400267e+00    2.3187741104e-01
2252.8000000    4.4094962585e+00    2.3325627412e-01
2256.0000000    4.3495531529e+00    2.3633779998e-01
2259.2000000    4.2886948487e+00    2.3780710833e-01
2262.4000000    4.2315410608e+00    2.4091690108e-01
2265.6000000    4.1744916961e+00    2.4246567493e-01
2268.8000000    4.1219837307e+00    2.4559057100e-01
2272.0000000    4.0705261159e+00    2.4720670011e-01
2275.2000000    4.0243516002e+00    2.5033326780e-01
2278.4000000    3.9800708898e+00    2.5200358431e-01
2281.6000000    3.9416945965e+00    2.5511816659e-01
2284.8000000    3.9059282727e+00    2.5682852837e-01
2288.0000000    3.8765459186e+00    2.5991729028e-01
2291.2000000    3.8503423413e+00    2.6165267389e-01
2294.4000000    3.8308436298e+00    2.6470165483e-01
2297.6000000    3.8149304514e+00    2.6644625709e-01
2300.8000000    3.8058725090e+00    2.6944142811e-01
2304.0000000    3.8006359111e+00    2.7117877550e-01
2307.2000000    3.8022279146e+00    2.7410610152e-01
2310.4000000    3.8077032595e+00    2.7581916650e-01
2313.6000000    3.8198026705e+00    2.7866467320e-01
2316.8000000    3.8356767771e+00    2.8033599665e-01
2320.0000000    3.8577972109e+00    2.8308584170e-01
2323.2000000    3.8834220756e+00    2.8469766089e-01
2326.4000000    3.9147524460e+00    2.8733820878e-01
2329.6000000    3.9491698516e+00    2.8887259015e-01
2332.8000000    3.9886040566e+00    2.9139049022e-01
2336.0000000    4.0305801555e+00    2.9282946620e-01
2339.2000000    4.0767562275e+00    2.9521173283e-01
2342.4000000    4.1248248620e+00    2.9653744235e-01
2345.6000000    4.1761721965e+00    2.9877153674e-01
2348.8000000    4.2286854393e+00    2.9996636845e-01
2352.0000000    4.2834784603e+00    3.0204028097e-01
2355.2000000    4.3386626320e+00    3.0308701871e-01
2358.4000000    4.3950790513e+00    3.0498935113e-01
2361.6000000    4.4510943061e+00    3.0587132072e-01
2364.8000000    4.5072759964e+00    3.0759136739e-01
2368.0000000    4.5622774645e+00    3.0829258387e-01
2371.2000000    4.6163918977e+00    3.0982041123e-01
2374.4000000    4.6685903423e+00    3.1032572557e-01
2377.6000000    4.7188905435e+00    3.1165224922e-01
2380.8000000    4.7666105230e+00    3.1194749330e-01
2384.0000000    4.8114915615e+00    3.1306455203e-01
2387.2000000    4.8532251934e+00    3.1313668066e-01
2390.4000000    4.8912753648e+00    3.1403710691e-01
2393.6000000    4.9257299502e+00    3.1387433550e-01
2396.8000000    4.9557750020e+00    3.1455202171e-01
2400.0000000    4.9819129949e+00    3.1414395819e-01
2403.2000000    5.0030519955e+00    3.1459391849e-01
2406.4000000    5.0201220689e+00    3.1393168791e-01
2409.6000000    5.0317538161e+00    3.1415011481e-01
2412.8000000    5.0393120921e+00    3.1322647509e-01
2416.0000000    5.0411512849e+00    3.1321079058e-01
2419.2000000    5.0390721289e+00    3.1202023796e-01
2422.4000000    5.0311548790e+00    3.1176913852e-01
2425.6000000    5.0196310207e+00    3.1030800113e-01
2428.8000000    5.0023096420e+00    3.0982149624e-01
2432.0000000    4.9818417407e+00    3.0808801445e-01
2435.2000000    4.9557691175e+00    3.0736745792e-01
2438.4000000    4.9271452449e+00    3.0536185006e-01
2441.6000000    4.8932494248e+00    3.0440996379e-01
2444.8000000    4.8575152715e+00    3.0213447610e-01
2448.0000000    4.8169652535e+00    3.0095536555e-01
2451.2000000    4.7753861670e+00    2.9841430525e-01
2454.4000000    4.7295501377e+00    2.9701346622e-01
2457.6000000    4.6835663623e+00    2.9421321671e-01
2460.8000000    4.6339638761e+00    2.9259753285e-01
2464.0000000    4.5851405787e+00    2.8954655033e-01
2467.2000000    4.5333903623e+00    2.8772428094e-01
2470.4000000    4.4833641833e+00    2.8443307175e-01
2473.6000000    4.4311293735e+00    2.8241382945e-01
2476.8000000    4.3815533393e+00    2.7889490784e-01
2480.0000000    4.3304860274e+00    2.7668962578e-01
2483.2000000    4.2829746949e+00    2.7295745179e-01
2486.4000000    4.2346616502e+00    2.7057834012e-01
2489.6000000    4.1907383196e+00    2.6664923769e-01
2492.8000000    4.1466497027e+00    2.6410972908e-01
2496.0000000    4.1076974461e+00    2.6000178459e-01
2499.2000000    4.0691401957e+00    2.5731646872e-01
2502.4000000    4.0363582930e+00    2.5304941057e-01
2505.6000000    4.0044356907e+00    2.5023395749e-01
2508.8000000    3.9788028640e+00    2.4582901745e-01
2512.0000000    3.9543815515e+00    2.4290008991e-01
2515.2000000    3.9366271380e+00    2.3837984727e-01
2518.4000000    3.9203125903e+00    2.3535500220e-01
2521.6000000    3.9108965097e+00    2.3074321200e-01
2524.8000000    3.9030176650e+00    2.2764079138e-01
2528.0000000    3.9021197276e+00    2.2296219821e-01
2531.2000000    3.9027231553e+00    2.1980120977e-01
2534.4000000    3.9102419290e+00    2.1508134877e-01
2537.6000000    3.9190955836e+00    2.1188133711e-01
2540.8000000    3.9346567126e+00    2.0714632403e-01
2544.0000000    3.9512629950e+00    2.0392723287e-01
2547.2000000    3.9742365398e+00    1.9920354516e-01
2550.4000000    3.9978540722e+00    1.9598557163e-01
2553.6000000    4.0273801394e+00    1.9129982246e-01
2556.8000000    4.0570533698e+00    1.8810326459e-01
2560.0000000    4.0920750272e+00    1.8348197216e-01
2563.2000000    4.1266705267e+00    1.8032707072e-01
2566.4000000    4.1659727655e+00    1.7579642479e-01
2569.6000000    4.2042208648e+00    1.7270320104e-01
2572.8000000    4.2464741817e+00    1.6828882902e-01
2576.0000000    4.2870144352e+00    1.6527691980e-01
2579.2000000    4.3308214692e+00    1.6100365464e-01
2582.4000000    4.3722503231e+00    1.5809214653e-01
2585.6000000    4.4161939034e+00    1.5398379847e-01
2588.8000000    4.4571128967e+00    1.5119106283e-01
2592.0000000    4.4998038341e+00    1.4727019754e-01
2595.2000000    4.5388666669e+00    1.4461372807e-01
2598.4000000    4.5789896564e+00    1.4090145311e-01
2601.6000000    4.6149465306e+00    1.3839770788e-01
2604.8000000    4.6513026250e+00    1.3491346998e-01
2608.0000000    4.6830403784e+00    1.3257771958e-01
2611.2000000    4.7145846365e+00    1.2933911474e-01
2614.4000000    4.7411613664e+00    1.2718529841e-01
2617.6000000    4.7670344695e+00    1.2420789710e-01
2620.8000000    4.7877075533e+00    1.2224848837e-01
2624.0000000    4.8072604140e+00    1.1954567781e-01
2627.2000000    4.8215070830e+00    1.1779156130e-01
2630.4000000    4.8343177291e+00    1.1537440686e-01
2633.6000000    4.8418476292e+00    1.1383476772e-01
2636.8000000    4.8477299289e+00    1.1171189516e-01
2640.0000000    4.8484893873e+00    1.1039412247e-01
2643.2000000    4.8474934725e+00    1.0857162276e-01
2646.4000000    4.8416614898e+00    1.0748122827e-01
2649.6000000    4.8340660284e+00    1.0596258633e-01
2652.8000000    4.8220423034e+00    1.0510313958e-01
2656.0000000    4.8083390531e+00    1.0388918812e-01
2659.2000000    4.7907246214e+00    1.0326226907e-01
2662.4000000    4.7715959633e+00    1.0235116840e-01
2665.6000000    4.7491672831e+00    1.0195633849e-01
2668.8000000    4.7254576648e+00    1.0134358298e-01
2672.0000000    4.6991351972e+00    1.0117837535e-01
2675.2000000    4.6718176153e+00    1.0085682662e-01
2678.4000000    4.6426301231e+00    1.0091675613e-01
2681.6000000    4.6127689291e+00    1.0087670319e-01
2684.8000000    4.5818148447e+00    1.0115529671e-01
2688.0000000    4.5505262651e+00    1.0138454249e-01
2691.2000000    4.5189335600e+00    1.0187338962e-01
2694.4000000    4.4873453750e+00    1.0235736336e-01
2697.6000000    4.4562313862e+00    1.0304618762e-01
2700.8000000    4.4254432171e+00    1.0376808222e-01
2704.0000000    4.3958758600e+00    1.0464483242e-01
2707.2000000    4.3669214643e+00    1.0558576547e-01
2710.4000000    4.3398831848e+00    1.0663672677e-01
2713.6000000    4.3136960598e+00    1.0777592386e-01
2716.8000000    4.2900517521e+00    1.0898584770e-01
2720.0000000    4.2674352047e+00    1.1030084640e-01
2723.2000000    4.2479051546e+00    1.1165309813e-01
2726.4000000    4.2295078114e+00    1.1311997064e-01
2729.6000000    4.2146465233e+00    1.1459669366e-01
2732.8000000    4.2009440400e+00    1.1619028604e-01
2736.0000000    4.1911255736e+00    1.1777258070e-01
2739.2000000    4.1824090628e+00    1.1946676644e-01
2742.4000000    4.1778192578e+00    1.2113488190e-01
2745.6000000    4.1741907022e+00    1.2290282718e-01
2748.8000000    4.1748264109e+00    1.2463636420e-01
2752.0000000    4.1762010654e+00    1.2645080237e-01
2755.2000000    4.1818762538e+00    1.2822892474e-01
2758.4000000    4.1879917880e+00    1.3006243698e-01
2761.6000000    4.1983501182e+00    1.3186408933e-01
2764.8000000    4.2087820054e+00    1.3368938862e-01
2768.0000000    4.2233152808e+00    1.3549351800e-01
2771.2000000    4.2374977212e+00    1.3728373334e-01
2774.4000000    4.2555693731e+00    1.3906951219e-01
2777.6000000    4.2728208475e+00    1.4079846979e-01
2780.8000000    4.2936934720e+00    1.4254551752e-01
2784.0000000    4.3132458665e+00    1.4418801589e-01
2787.2000000    4.3361116904e+00    1.4587661667e-01
2790.4000000    4.3571418243e+00    1.4740869227e-01
2793.6000000    4.3811548917e+00    1.4902000632e-01
2796.8000000    4.4028172087e+00    1.5041918677e-01
2800.0000000    4.4271260417e+00    1.5193545262e-01
2803.2000000    4.4485852084e+00    1.5318099419e-01
2806.4000000    4.4723647011e+00    1.5458571956e-01
2809.6000000    4.4928268817e+00    1.5565882626e-01
2812.8000000    4.5153082418e+00    1.5693696501e-01
2816.0000000    4.5340498938e+00    1.5782098633e-01
2819.2000000    4.5545475425e+00    1.5895909949e-01
2822.4000000    4.5709406905e+00    1.5963970441e-01
2825.6000000    4.5888751693e+00    1.6062610302e-01
2828.8000000    4.6024082709e+00    1.6109142790e-01
2832.0000000    4.6173243728e+00    1.6191629587e-01
2835.2000000    4.6276180735e+00    1.6215706451e-01
2838.4000000    4.6391976164e+00    1.6281255981e-01
2841.6000000    4.6460148992e+00    1.6282217386e-01
2844.8000000    4.6540837734e+00    1.6330250659e-01
2848.0000000    4.6573342352e+00    1.6307710512e-01
2851.2000000    4.6618635863e+00    1.6337859138e-01
2854.4000000    4.6616018037e+00    1.6291707884e-01
2857.6000000    4.6627034402e+00    1.6303816938e-01
2860.8000000    4.6591216190e+00    1.6234221137e-01
2864.0000000    4.6570379576e+00    1.6228349456e-01
2867.2000000    4.6504532789e+00    1.6135748142e-01
2870.4000000    4.6455423491e+00    1.6112166032e-01
2873.6000000    4.6363796279e+00    1.5997263876e-01
2876.8000000    4.6290958386e+00    1.5956448234e-01
2880.0000000    4.6178662839e+00    1.5820205601e-01
2883.2000000    4.6087378146e+00    1.5762832497e-01
2886.4000000    4.5960148234e+00    1.5606452495e-01
2889.6000000    4.5856186182e+00    1.5533387303e-01
2892.8000000    4.5720116389e+00    1.5358299981e-01
2896.0000000    4.5609470634e+00    1.5270585162e-01
2899.2000000    4.5470746277e+00    1.5078429048e-01
2902.4000000    4.5359368873e+00    1.4977269747e-01
2905.6000000    4.5223999265e+00    1.4769870935e-01
2908.8000000    4.5117543367e+00    1.4656618562e-01
2912.0000000    4.4991108745e+00    1.4435967613e-01
2915.2000000    4.4894690273e+00    1.4312101630e-01
2918.4000000    4.4782112719e+00    1.4080328559e-01
2921.6000000    4.4700100520e+00    1.3947436700e-01
2924.8000000    4.4605448006e+00    1.3706784362e-01
2928.0000000    4.4541290800e+00    1.3566541557e-01
2931.2000000    4.4467622067e+00    1.3319337754e-01
2934.4000000    4.4423718869e+00    1.3173484029e-01
2937.6000000    4.4372975096e+00    1.2922112696e-01
2940.8000000    4.4350593995e+00    1.2772430355e-01
2944.0000000    4.4323541257e+00    1.2519302163e-01
2947.2000000    4.4322789386e+00    1.2367592559e-01
2950.4000000    4.4319013784e+00    1.2115115336e-01
2953.6000000    4.4338859231e+00    1.1963175533e-01
2956.8000000    4.4356814386e+00    1.1713724844e-01
2960.0000000    4.4395158636e+00    1.1563324507e-01
2963.2000000    4.4432263098e+00    1.1319214799e-01
2966.4000000    4.4486060532e+00    1.1172073606e-01
2969.6000000    4.4538840587e+00    1.0935530261e-01
2972.8000000    4.4604259632e+00    1.0793296162e-01
2976.0000000    4.4668531121e+00    1.0566428824e-01
2979.2000000    4.4741149947e+00    1.0430657428e-01
2982.4000000    4.4812231118e+00    1.0215434961e-01
2985.6000000    4.4887259360e+00    1.0087570333e-01
2988.8000000    4.4960205475e+00    9.8857977111e-02
2992.0000000    4.5032722362e+00    9.7671548464e-02
2995.2000000    4.5102571892e+00    9.5804522834e-02
2998.4000000    4.5167770514e+00    9.4722014808e-02
