#       time              Source                xMom
   0.0000000    0.0000000000e+00    0.0000000000e+00
#       time              Source                xMom
   0.0000000    0.0000000000e+00    0.0000000000e+00
   3.2000000   -2.3604318932e-01    6.7663166455e-01
   6.4000000   -4.2261230963e-01    2.1818557891e+00
   9.6000000   -6.4829123928e-01    5.0405592314e+00
  12.8000000   -7.4004912251e-01    8.4959408536e+00
  16.0000000   -8.9656269589e-01    1.3291060883e+01
  19.2000000   -8.8572072128e-01    1.8261673875e+01
  22.4000000   -9.3416683162e-01    2.4491154446e+01
  25.6000000   -8.3243327162e-01    3.0542404125e+01
  28.8000000   -7.5960733996e-01    3.7638552636e+01
  32.0000000   -5.8001236260e-01    4.4424569620e+01
  35.2000000   -3.9037501170e-01    5.1940346994e+01
  38.4000000   -1.4002527231e-01    5.9073661909e+01
  41.6000000    1.5095405964e-01    6.6631934619e+01
  44.8000000    4.6930248540e-01    7.3731268051e+01
  48.0000000    8.4219238553e-01    8.1013351920e+01
  51.2000000    1.2237845656e+00    8.7733824424e+01
  54.4000000    1.6604778858e+00    9.4446327900e+01
  57.6000000    2.0978392091e+00    1.0046082736e+02
  60.8000000    2.5828998937e+00    1.0625816664e+02
  64.0000000    3.0676698358e+00    1.1123215492e+02
  67.2000000    3.5877663589e+00    1.1576170857e+02
  70.4000000    4.1104634041e+00    1.1936710149e+02
  73.6000000    4.6533764414e+00    1.2229212396e+02
  76.8000000    5.2040462894e+00    1.2422297661e+02
  80.0000000    5.7576016822e+00    1.2525247900e+02
  83.2000000    6.3252987915e+00    1.2524399364e+02
  86.4000000    6.8775449068e+00    1.2417096521e+02
  89.6000000    7.4497588703e+00    1.2203879762e+02
  92.8000000    7.9890056928e+00    1.1875404019e+02
  96.0000000    8.5519145514e+00    1.1441674131e+02
  99.2000000    9.0669018448e+00    1.0891951434e+02
 102.4000000    9.6058247105e+00    1.0241703830e+02
 105.6000000    1.0085929169e+01    9.4821613897e+01
 108.8000000    1.0586290747e+01    8.6321885561e+01
 112.0000000    1.1021805699e+01    7.6854079996e+01
 115.2000000    1.1470302123e+01    6.6642644774e+01
 118.4000000    1.1852763108e+01    5.5627886983e+01
 121.6000000    1.2238498215e+01    4.4088814540e+01
 124.8000000    1.2561265746e+01    3.1933511492e+01
 128.0000000    1.2876633072e+01    1.9520612719e+01
 131.2000000    1.3135424567e+01    6.6852283176e+00
 134.4000000    1.3376796760e+01   -6.1131846684e+00
 137.6000000    1.3570304082e+01   -1.9145913407e+01
 140.8000000    1.3738226049e+01   -3.1842331443e+01
 144.0000000    1.3868635846e+01   -4.4600756314e+01
 147.2000000    1.3967815330e+01   -5.6744461097e+01
 150.4000000    1.4041010672e+01   -6.8804614105e+01
 153.6000000    1.4080044701e+01   -8.0016326853e+01
 156.8000000    1.4105568447e+01   -9.1033371331e+01
 160.0000000    1.4096389238e+01   -1.0103093218e+02
 163.2000000    1.4087073730e+01   -1.1076458462e+02
 166.4000000    1.4044302671e+01   -1.1938271534e+02
 169.6000000    1.4015507951e+01   -1.2771757309e+02
 172.8000000    1.3955641348e+01   -1.3492137905e+02
 176.0000000    1.3924324549e+01   -1.4188050858e+02
 179.2000000    1.3864844908e+01   -1.4776951390e+02
 182.4000000    1.3848301244e+01   -1.5351011527e+02
 185.6000000    1.3806722684e+01   -1.5831284823e+02
 188.8000000    1.3821456534e+01   -1.6311760703e+02
 192.0000000    1.3814280673e+01   -1.6717567888e+02
 195.2000000    1.3874709327e+01   -1.7143211725e+02
 198.4000000    1.3916514020e+01   -1.7517703567e+02
 201.6000000    1.4033932312e+01   -1.7935091685e+02
 204.8000000    1.4136379617e+01   -1.8327469204e+02
 208.0000000    1.4318155616e+01   -1.8787526328e+02
 211.2000000    1.4489166774e+01   -1.9249586706e+02
 214.4000000    1.4738222758e+01   -1.9803872030e+02
 217.6000000    1.4981270835e+01   -2.0386245764e+02
 220.8000000    1.5295929655e+01   -2.1083014084e+02
 224.0000000    1.5609632984e+01   -2.1831351140e+02
 227.2000000    1.5983620112e+01   -2.2711797410e+02
 230.4000000    1.6361716950e+01   -2.3663135475e+02
 233.6000000    1.6784555138e+01   -2.4758089411e+02
 236.8000000    1.7216102625e+01   -2.5937732705e+02
 240.0000000    1.7673818091e+01   -2.7264915500e+02
 243.2000000    1.8143723875e+01   -2.8684005275e+02
 246.4000000    1.8619703991e+01   -3.0246130456e+02
 249.6000000    1.9109623312e+01   -3.1900054028e+02
 252.8000000    1.9585565120e+01   -3.3683834705e+02
 256.0000000    2.0075071323e+01   -3.5551653699e+02
 259.2000000    2.0531997773e+01   -3.7527851675e+02
 262.4000000    2.0999921605e+01   -3.9572768350e+02
 265.6000000    2.1419279730e+01   -4.1697217458e+02
 268.8000000    2.1845112814e+01   -4.3868100580e+02
 272.0000000    2.2209864620e+01   -4.6083725365e+02
 275.2000000    2.2575137377e+01   -4.8317570818e+02
 278.4000000    2.2870770480e+01   -5.0557168230e+02
 281.6000000    2.3160302168e+01   -5.2782376199e+02
 284.8000000    2.3375718455e+01   -5.4972119007e+02
 288.0000000    2.3578630866e+01   -5.7112360337e+02
 291.2000000    2.3706863472e+01   -5.9175766566e+02
 294.4000000    2.3817290925e+01   -6.1154166618e+02
 297.6000000    2.3855981003e+01   -6.3016253884e+02
 300.8000000    2.3873449303e+01   -6.4759634202e+02
 304.0000000    2.3825073052e+01   -6.6351039776e+02
 307.2000000    2.3754493608e+01   -6.7793971321e+02
 310.4000000    2.3626341336e+01   -6.9054773451e+02
 313.6000000    2.3477650497e+01   -7.0143235341e+02
 316.8000000    2.3281513355e+01   -7.1026288106e+02
 320.0000000    2.3069010361e+01   -7.1720677365e+02
 323.2000000    2.2820579572e+01   -7.2194238558e+02
 326.4000000    2.2562014502e+01   -7.2471514967e+02
 329.6000000    2.2280027176e+01   -7.2521017475e+02
 332.8000000    2.1995502668e+01   -7.2375829653e+02
 336.0000000    2.1700684344e+01   -7.2004617291e+02
 339.2000000    2.1411446909e+01   -7.1449394546e+02
 342.4000000    2.1125309729e+01   -7.0678387607e+02
 345.6000000    2.0852515828e+01   -6.9742458258e+02
 348.8000000    2.0596090118e+01   -6.8608798528e+02
 352.0000000    2.0359608039e+01   -6.7336599202e+02
 355.2000000    2.0152187175e+01   -6.5891412923e+02
 358.4000000    1.9969514131e+01   -6.4339892242e+02
 361.6000000    1.9827498971e+01   -6.2645360096e+02
 364.8000000    1.9712834494e+01   -6.0880711687e+02
 368.0000000    1.9648764841e+01   -5.9006548044e+02
 371.2000000    1.9612289219e+01   -5.7100472993e+02
 374.4000000    1.9634118349e+01   -5.5120009281e+02
 377.6000000    1.9681508407e+01   -5.3145683364e+02
 380.8000000    1.9792184666e+01   -5.1131811992e+02
 384.0000000    1.9924386259e+01   -4.9159845992e+02
 387.2000000    2.0121742996e+01   -4.7181002025e+02
 390.4000000    2.0335011231e+01   -4.5275645768e+02
 393.6000000    2.0611990403e+01   -4.3392113951e+02
 396.8000000    2.0898179079e+01   -4.1607914410e+02
 400.0000000    2.1243347172e+01   -3.9868692158e+02
 403.2000000    2.1590439065e+01   -3.8247763420e+02
 406.4000000    2.1988755751e+01   -3.6688178192e+02
 409.6000000    2.2381595339e+01   -3.5258227726e+02
 412.8000000    2.2815372858e+01   -3.3898399471e+02
 416.0000000    2.3236565882e+01   -3.2671588063e+02
 419.2000000    2.3686548724e+01   -3.1515784835e+02
 422.4000000    2.4117466463e+01   -3.0488451830e+02
 425.6000000    2.4563970564e+01   -2.9525316925e+02
 428.8000000    2.4985804513e+01   -2.8678561956e+02
 432.0000000    2.5409834507e+01   -2.7882151220e+02
 435.2000000    2.5804640046e+01   -2.7183210549e+02
 438.4000000    2.6188920389e+01   -2.6514753741e+02
 441.6000000    2.6540588597e+01   -2.5919071379e+02
 444.8000000    2.6870447049e+01   -2.5329335381e+02
 448.0000000    2.7165553031e+01   -2.4783179858e+02
 451.2000000    2.7429612131e+01   -2.4215292357e+02
 454.4000000    2.7658085689e+01   -2.3658761540e+02
 457.6000000    2.7848740577e+01   -2.3051317391e+02
 460.8000000    2.8004321115e+01   -2.2421543146e+02
 464.0000000    2.8117989365e+01   -2.1711815693e+02
 467.2000000    2.8198442430e+01   -2.0946184986e+02
 470.4000000    2.8235583007e+01   -2.0073257400e+02
 473.6000000    2.8242674555e+01   -1.9112466812e+02
 476.8000000    2.8207584262e+01   -1.8020117564e+02
 480.0000000    2.8146825264e+01   -1.6810905888e+02
 483.2000000    2.8047233433e+01   -1.5450104861e+02
 486.4000000    2.7927420504e+01   -1.3947530539e+02
 489.6000000    2.7773916536e+01   -1.2278431783e+02
 492.8000000    2.7606503362e+01   -1.0447600013e+02
 496.0000000    2.7411841051e+01   -8.4409542754e+01
 499.2000000    2.7210187775e+01   -6.2581296802e+01
 502.4000000    2.6988511154e+01   -3.8960747164e+01
 505.6000000    2.6767064697e+01   -1.3491575042e+01
 508.8000000    2.6533103832e+01    1.3746163078e+01
 512.0000000    2.6306561052e+01    4.2862332218e+01
 515.2000000    2.6074845022e+01    7.3669085067e+01
 518.4000000    2.5857350600e+01    1.0633051450e+02
 521.6000000    2.5641478040e+01    1.4055634561e+02
 524.8000000    2.5445907463e+01    1.7656537357e+02
 528.0000000    2.5257909163e+01    2.1397242704e+02
 531.2000000    2.5095270814e+01    2.5305115025e+02
 534.4000000    2.4945097813e+01    2.9333068500e+02
 537.6000000    2.4824081515e+01    3.3513932436e+02
 540.8000000    2.4719237582e+01    3.7793076834e+02
 544.0000000    2.4645926659e+01    4.2208753915e+02
 547.2000000    2.4591256531e+01    4.6699848303e+02
 550.4000000    2.4569006325e+01    5.1309972017e+02
 553.6000000    2.4566641565e+01    5.5972577986e+02
 556.8000000    2.4596117980e+01    6.0736525655e+02
 560.0000000    2.4645571882e+01    6.5530871192e+02
 563.2000000    2.4724933959e+01    7.0409526122e+02
 566.4000000    2.4823330091e+01    7.5298155137e+02
 569.6000000    2.4948531460e+01    8.0255425320e+02
 572.8000000    2.5090943396e+01    8.5204570792e+02
 576.0000000    2.5256124387e+01    9.0208612450e+02
 579.2000000    2.5435995949e+01    9.5189258179e+02
 582.4000000    2.5633936748e+01    1.0021337741e+03
 585.6000000    2.5843549147e+01    1.0520199363e+03
 588.8000000    2.6066151723e+01    1.1022522164e+03
 592.0000000    2.6297106559e+01    1.1520417966e+03
 595.2000000    2.6535872214e+01    1.2021153362e+03
 598.4000000    2.6779562020e+01    1.2516922224e+03
 601.6000000    2.7026036520e+01    1.3015168123e+03
 604.8000000    2.7274075766e+01    1.3508236025e+03
 608.0000000    2.7520240636e+01    1.4003660208e+03
 611.2000000    2.7764834046e+01    1.4494003881e+03
 614.4000000    2.8003427862e+01    1.4986799374e+03
 617.6000000    2.8237660349e+01    1.5474893677e+03
 620.8000000    2.8462418923e+01    1.5965721448e+03
 624.0000000    2.8680459574e+01    1.6452476330e+03
 627.2000000    2.8886269784e+01    1.6942400615e+03
 630.4000000    2.9083489275e+01    1.7429093158e+03
 633.6000000    2.9266458485e+01    1.7919513921e+03
 636.8000000    2.9439464692e+01    1.8407720110e+03
 640.0000000    2.9596913892e+01    1.8900306496e+03
 643.2000000    2.9743515241e+01    1.9391836161e+03
 646.4000000    2.9873908266e+01    1.9888463918e+03
 649.6000000    2.9993018634e+01    2.0385301200e+03
 652.8000000    3.0095842493e+01    2.0887996113e+03
 656.0000000    3.0187344240e+01    2.1392246613e+03
 659.2000000    3.0262957104e+01    2.1903134812e+03
 662.4000000    3.0327539572e+01    2.2416979489e+03
 665.6000000    3.0377003617e+01    2.2938244414e+03
 668.8000000    3.0415993737e+01    2.3463899306e+03
 672.0000000    3.0440908798e+01    2.3997744200e+03
 675.2000000    3.0456108798e+01    2.4537424584e+03
 678.4000000    3.0458460372e+01    2.5086038722e+03
 681.6000000    3.0452005059e+01    2.5641926034e+03
 684.8000000    3.0434036610e+01    2.6207452862e+03
 688.0000000    3.0408279004e+01    2.6781662696e+03
 691.2000000    3.0372395290e+01    2.7366168188e+03
 694.4000000    3.0329825202e+01    2.7960717845e+03
 697.6000000    3.0278529202e+01    2.8566157521e+03
 700.8000000    3.0221725237e+01    2.9182931914e+03
 704.0000000    3.0157587599e+01    2.9811115290e+03
 707.2000000    3.0089199411e+01    3.0451830236e+03
 710.4000000    3.0014855587e+01    3.1104382100e+03
 713.6000000    2.9937609975e+01    3.1770544566e+03
 716.8000000    2.9855777578e+01    3.2448863144e+03
 720.0000000    2.9772499737e+01    3.3141728837e+03
 723.2000000    2.9686006591e+01    3.3846941818e+03
 726.4000000    2.9599646613e+01    3.4567471505e+03
 729.6000000    2.9511459121e+01    3.5300391914e+03
 732.8000000    2.9425113285e+01    3.6049208807e+03
 736.0000000    2.9338355233e+01    3.6810293658e+03
 739.2000000    2.9255272292e+01    3.7587644923e+03
 742.4000000    2.9173224943e+01    3.8376960091e+03
 745.6000000    2.9096789731e+01    3.9182685965e+03
 748.8000000    2.9022865835e+01    3.9999880772e+03
 752.0000000    2.8956554840e+01    4.0833394801e+03
 755.2000000    2.8894242136e+01    4.1677689522e+03
 758.4000000    2.8841548244e+01    4.2537973032e+03
 761.6000000    2.8794321457e+01    4.3408161948e+03
 764.8000000    2.8758648329e+01    4.4293775196e+03
 768.0000000    2.8729851712e+01    4.5188247059e+03
 771.2000000    2.8714381887e+01    4.6097358693e+03
 774.4000000    2.8707087292e+01    4.7014135572e+03
 777.6000000    2.8714630920e+01    4.7944571046e+03
 780.8000000    2.8731479482e+01    4.8881365592e+03
 784.0000000    2.8764312937e+01    4.9830674187e+03
 787.2000000    2.8807350518e+01    5.0784964396e+03
 790.4000000    2.8867056097e+01    5.1750503362e+03
 793.6000000    2.8937573978e+01    5.2719622917e+03
 796.8000000    2.9024892750e+01    5.3698656113e+03
 800.0000000    2.9123285734e+01    5.4679897409e+03
 803.2000000    2.9237995576e+01    5.5669704680e+03
 806.4000000    2.9363649490e+01    5.6660430576e+03
 809.6000000    2.9504479272e+01    5.7658423183e+03
 812.8000000    2.9655698836e+01    5.8656182640e+03
 816.0000000    2.9820287853e+01    5.9660019309e+03
 819.2000000    2.9994273811e+01    6.0662661419e+03
 822.4000000    3.0179183262e+01    6.1670359163e+03
 825.6000000    3.0372064575e+01    6.2676139767e+03
 828.8000000    3.0572845081e+01    6.3686173671e+03
 832.0000000    3.0779768454e+01    6.4693848828e+03
 835.2000000    3.0991084120e+01    6.5705235389e+03
 838.4000000    3.1206359741e+01    6.6714136384e+03
 841.6000000    3.1422165340e+01    6.7726495811e+03
 844.8000000    3.1639464513e+01    6.8736581170e+03
 848.0000000    3.1853228643e+01    6.9750175079e+03
 851.2000000    3.2065825795e+01    7.0762056170e+03
 854.4000000    3.2270789983e+01    7.1777798299e+03
 857.6000000    3.2471838376e+01    7.2792736462e+03
 860.8000000    3.2661300038e+01    7.3812175299e+03
 864.0000000    3.2844127840e+01    7.4832049888e+03
 867.2000000    3.3011733571e+01    7.5857323433e+03
 870.4000000    3.3170145165e+01    7.6884571641e+03
 873.6000000    3.3310179934e+01    7.7918335761e+03
 876.8000000    3.3438746751e+01    7.8955866474e+03
 880.0000000    3.3546404283e+01    8.0001199477e+03
 883.2000000    3.3640729879e+01    8.1052284657e+03
 886.4000000    3.3712350107e+01    8.2112571764e+03
 889.6000000    3.3769295476e+01    8.3180719934e+03
 892.8000000    3.3802556483e+01    8.4259522142e+03
 896.0000000    3.3820413534e+01    8.5348339340e+03
 899.2000000    3.3814467736e+01    8.6449251947e+03
 902.4000000    3.3793071340e+01    8.7562296070e+03
 905.6000000    3.3748618580e+01    8.8688802588e+03
 908.8000000    3.3689390606e+01    8.9829437256e+03
 912.0000000    3.3608684022e+01    9.0984764759e+03
 915.2000000    3.3514606195e+01    9.2156018835e+03
 918.4000000    3.3401389962e+01    9.3343000770e+03
 921.6000000    3.3276906042e+01    9.4547439344e+03
 924.8000000    3.3136287255e+01    9.5768391654e+03
 928.0000000    3.2987138728e+01    9.7008003749e+03
 931.2000000    3.2825398652e+01    9.8264619627e+03
 934.4000000    3.2658401544e+01    9.9540727159e+03
 937.6000000    3.2482754273e+01    1.0083399503e+04
 940.8000000    3.2305527539e+01    1.0214718661e+04
 944.0000000    3.2123836611e+01    1.0347733491e+04
 947.2000000    3.1944494694e+01    1.0482742711e+04
 950.4000000    3.1764960309e+01    1.0619389832e+04
 953.6000000    3.1591783850e+01    1.0757992588e+04
 956.8000000    3.1422614671e+01    1.0898138090e+04
 960.0000000    3.1263714109e+01    1.1040161620e+04
 963.2000000    3.1112798177e+01    1.1183596894e+04
 966.4000000    3.0975784999e+01    1.1328797007e+04
 969.6000000    3.0850373987e+01    1.1475245071e+04
 972.8000000    3.0742053907e+01    1.1623313617e+04
 976.0000000    3.0648473906e+01    1.1772438059e+04
 979.2000000    3.0574574921e+01    1.1923012780e+04
 982.4000000    3.0517975490e+01    1.2074428933e+04
 985.6000000    3.0482921879e+01    1.2227105323e+04
 988.8000000    3.0467073194e+01    1.2380393231e+04
 992.0000000    3.0473814080e+01    1.2534737964e+04
 995.2000000    3.0500959825e+01    1.2689456615e+04
 998.4000000    3.0550858208e+01    1.2845022032e+04
1001.6000000    3.0621629400e+01    1.3000724321e+04
1004.8000000    3.0714414728e+01    1.3157063446e+04
1008.0000000    3.0827807038e+01    1.3313311281e+04
1011.2000000    3.0961591705e+01    1.3469992811e+04
1014.4000000    3.1115006048e+01    1.3626371828e+04
1017.6000000    3.1286363712e+01    1.3782994557e+04
1020.8000000    3.1475707344e+01    1.3939127905e+04
1024.0000000    3.1679808571e+01    1.4095334053e+04
1027.2000000    3.1899651660e+01    1.4250894772e+04
1030.4000000    3.2130450328e+01    1.4406381751e+04
1033.6000000    3.2374231006e+01    1.4561103335e+04
1036.8000000    3.2624693310e+01    1.4715633546e+04
1040.0000000    3.2884962603e+01    1.4869318329e+04
1043.2000000    3.3147329177e+01    1.5022726644e+04
1046.4000000    3.3416026047e+01    1.5175251769e+04
1049.6000000    3.3682096917e+01    1.5327450460e+04
1052.8000000    3.3950842866e+01    1.5478771235e+04
1056.0000000    3.4212274544e+01    1.5629752193e+04
1059.2000000    3.4472676827e+01    1.5779902766e+04
1062.4000000    3.4721280889e+01    1.5929736954e+04
1065.6000000    3.4965233414e+01    1.6078828306e+04
1068.8000000    3.5193266247e+01    1.6227662481e+04
1072.0000000    3.5413237612e+01    1.6375877840e+04
1075.2000000    3.5613671639e+01    1.6523928692e+04
1078.4000000    3.5802970569e+01    1.6671516524e+04
1081.6000000    3.5969738150e+01    1.6819062452e+04
1084.8000000    3.6122747618e+01    1.6966327295e+04
1088.0000000    3.6250949992e+01    1.7113698120e+04
1091.2000000    3.6363322527e+01    1.7260989568e+04
1094.4000000    3.6449397506e+01    1.7408554545e+04
1097.6000000    3.6518205612e+01    1.7556254763e+04
1100.8000000    3.6560049177e+01    1.7704409308e+04
1104.0000000    3.6583886408e+01    1.7852919489e+04
1107.2000000    3.6580924799e+01    1.8002071075e+04
1110.4000000    3.6559954761e+01    1.8151797291e+04
1113.6000000    3.6513165247e+01    1.8302350983e+04
1116.8000000    3.6449117426e+01    1.8453689903e+04
1120.0000000    3.6360997608e+01    1.8606034016e+04
1123.2000000    3.6257110527e+01    1.8759358954e+04
1126.4000000    3.6131597622e+01    1.8913851306e+04
1129.6000000    3.5992511428e+01    1.9069499068e+04
1132.8000000    3.5834854310e+01    1.9226454305e+04
1136.0000000    3.5666456582e+01    1.9384713252e+04
1139.2000000    3.5483044641e+01    1.9544391654e+04
1142.4000000    3.5292274597e+01    1.9705491388e+04
1145.6000000    3.5090428777e+01    1.9868089537e+04
1148.8000000    3.4885046247e+01    2.0032192551e+04
1152.0000000    3.4672778819e+01    2.0197836170e+04
1155.2000000    3.4461105307e+01    2.0365031758e+04
1158.4000000    3.4246855907e+01    2.0533770962e+04
1161.6000000    3.4037495965e+01    2.0704071592e+04
1164.8000000    3.3829852040e+01    2.0875878710e+04
1168.0000000    3.3631403866e+01    2.1049219017e+04
1171.2000000    3.3438814175e+01    2.1223989071e+04
1174.4000000    3.3259578752e+01    2.1400227514e+04
1177.6000000    3.3090068894e+01    2.1577781345e+04
1180.8000000    3.2937767047e+01    2.1756704497e+04
1184.0000000    3.2798666134e+01    2.1936794447e+04
1187.2000000    3.2680172675e+01    2.2118123799e+04
1190.4000000    3.2577860111e+01    2.2300441785e+04
1193.6000000    3.2498963875e+01    2.2483842851e+04
1196.8000000    3.2438644699e+01    2.2668030568e+04
1200.0000000    3.2403842606e+01    2.2853124011e+04
1203.2000000    3.2389359090e+01    2.3038784947e+04
1206.4000000    3.2401691451e+01    2.3225159348e+04
1209.6000000    3.2435377741e+01    2.3411872225e+04
1212.8000000    3.2496310786e+01    2.3599098099e+04
1216.0000000    3.2578896137e+01    2.3786431289e+04
1219.2000000    3.2688256317e+01    2.3974075857e+04
1222.4000000    3.2818821109e+01    2.4161602306e+04
1225.6000000    3.2974784120e+01    2.4349244540e+04
1228.8000000    3.3150771143e+01    2.4536556679e+04
1232.0000000    3.3349906912e+01    2.4723802105e+04
1235.2000000    3.3567188630e+01    2.4910526242e+04
1238.4000000    3.3804561654e+01    2.5097020974e+04
1241.6000000    3.4057562255e+01    2.5282830670e+04
1244.8000000    3.4326884786e+01    2.5468274186e+04
1248.0000000    3.4608753964e+01    2.5652902127e+04
1251.2000000    3.4902587661e+01    2.5837058324e+04
1254.4000000    3.5205421167e+01    2.6020306275e+04
1257.6000000    3.5515421060e+01    2.6203012396e+04
1260.8000000    3.5830521327e+01    2.6384758850e+04
1264.0000000    3.6147714355e+01    2.6565931936e+04
1267.2000000    3.6465882813e+01    2.6746137180e+04
1270.4000000    3.6780971837e+01    2.6925777796e+04
1273.6000000    3.7092823226e+01    2.7104486172e+04
1276.8000000    3.7396506284e+01    2.7282679242e+04
1280.0000000    3.7692794231e+01    2.7460018489e+04
1283.2000000    3.7976088070e+01    2.7636931176e+04
1286.4000000    3.8248030514e+01    2.7813108837e+04
1289.6000000    3.8502587014e+01    2.7988985514e+04
1292.8000000    3.8742179821e+01    2.8164282504e+04
1296.0000000    3.8960584013e+01    2.8339436952e+04
1299.2000000    3.9160891267e+01    2.8514198468e+04
1302.4000000    3.9336930055e+01    2.8689003562e+04
1305.6000000    3.9492340115e+01    2.8863627635e+04
1308.8000000    3.9621231744e+01    2.9038502844e+04
1312.0000000    3.9727669177e+01    2.9213426905e+04
1315.2000000    3.9806244680e+01    2.9388824034e+04
1318.4000000    3.9861329667e+01    2.9564509958e+04
1321.6000000    3.9888159140e+01    2.9740897615e+04
1324.8000000    3.9891307766e+01    2.9917815761e+04
1328.0000000    3.9866766185e+01    3.0095663090e+04
1331.2000000    3.9819227145e+01    3.0274275884e+04
1334.4000000    3.9745496568e+01    3.0454036135e+04
1337.6000000    3.9650322138e+01    3.0634781799e+04
1340.8000000    3.9531329447e+01    3.0816876317e+04
1344.0000000    3.9393280958e+01    3.1000153308e+04
1347.2000000    3.9234572652e+01    3.1184956512e+04
1350.4000000    3.9059963197e+01    3.1371109237e+04
1353.6000000    3.8868521068e+01    3.1558935131e+04
1356.8000000    3.8665000534e+01    3.1748241467e+04
1360.0000000    3.8449004267e+01    3.1939332174e+04
1363.2000000    3.8225294030e+01    3.2131993234e+04
1366.4000000    3.7993838773e+01    3.2326509977e+04
1369.6000000    3.7759425340e+01    3.2522642512e+04
1372.8000000    3.7522204001e+01    3.2720659380e+04
1376.0000000    3.7287002521e+01    3.2920291096e+04
1379.2000000    3.7053963947e+01    3.3121791828e+04
1382.4000000    3.6827963713e+01    3.3324859811e+04
1385.6000000    3.6608958878e+01    3.3529737738e+04
1388.8000000    3.6401863675e+01    3.3736090048e+04
1392.0000000    3.6206292560e+01    3.3944151205e+04
1395.2000000    3.6027168985e+01    3.4153551605e+04
1398.4000000    3.5863640903e+01    3.4364520926e+04
1401.6000000    3.5720587523e+01    3.4576656594e+04
1404.8000000    3.5596607247e+01    3.4790186983e+04
1408.0000000    3.5496456749e+01    3.5004678942e+04
1411.2000000    3.5418147929e+01    3.5220362913e+04
1414.4000000    3.5366213233e+01    3.5436778827e+04
1417.6000000    3.5338089299e+01    3.5654162319e+04
1420.8000000    3.5337963031e+01    3.5872031207e+04
1424.0000000    3.5362754090e+01    3.6090629089e+04
1427.2000000    3.5416168846e+01    3.6309457452e+04
1430.4000000    3.5494711121e+01    3.6528770186e+04
1433.6000000    3.5601465760e+01    3.6748058986e+04
1436.8000000    3.5732657859e+01    3.6967589856e+04
1440.0000000    3.5890612650e+01    3.7186851747e+04
1443.2000000    3.6071440592e+01    3.7406124063e+04
1446.4000000    3.6276581537e+01    3.7624900283e+04
1449.6000000    3.6502211968e+01    3.7843473943e+04
1452.8000000    3.6748782146e+01    3.8061350271e+04
1456.0000000    3.7012720738e+01    3.8278837100e+04
1459.2000000    3.7293414093e+01    3.8495458319e+04
1462.4000000    3.7587723763e+01    3.8711535646e+04
1465.6000000    3.7893934541e+01    3.8926618004e+04
1468.8000000    3.8209505983e+01    3.9141039992e+04
1472.0000000    3.8531625047e+01    3.9354381227e+04
1475.2000000    3.8858490176e+01    3.9566987554e+04
1478.4000000    3.9186237760e+01    3.9778474119e+04
1481.6000000    3.9513915123e+01    3.9989195699e+04
1484.8000000    3.9836698353e+01    4.0198806924e+04
1488.0000000    4.0154558392e+01    4.0407668467e+04
1491.2000000    4.0461841007e+01    4.0615477512e+04
1494.4000000    4.0759478356e+01    4.0822596815e+04
1497.6000000    4.1041149681e+01    4.1028768354e+04
1500.8000000    4.1308749383e+01    4.1234352353e+04
1504.0000000    4.1555479643e+01    4.1439137070e+04
1507.2000000    4.1784164377e+01    4.1643474769e+04
1510.4000000    4.1987733949e+01    4.1847200826e+04
1513.6000000    4.2169880023e+01    4.2050653349e+04
1516.8000000    4.2323471128e+01    4.2253715122e+04
1520.0000000    4.2452982045e+01    4.2456703218e+04
1523.2000000    4.2551422725e+01    4.2659547671e+04
1526.4000000    4.2623950643e+01    4.2862537094e+04
1529.6000000    4.2663902504e+01    4.3065648249e+04
1532.8000000    4.2677009684e+01    4.3269133513e+04
1536.0000000    4.2657092870e+01    4.3473015552e+04
1539.2000000    4.2610347332e+01    4.3677502607e+04
1542.4000000    4.2531198315e+01    4.3882662177e+04
1545.6000000    4.2426200178e+01    4.4088650595e+04
1548.8000000    4.2290460304e+01    4.4295578917e+04
1552.0000000    4.2130797730e+01    4.4503544203e+04
1555.2000000    4.1943032797e+01    4.4712699614e+04
1558.4000000    4.1734168882e+01    4.4923076237e+04
1561.6000000    4.1500722403e+01    4.5134867753e+04
1564.8000000    4.1249816775e+01    4.5348033480e+04
1568.0000000    4.0978601854e+01    4.5562805961e+04
1571.2000000    4.0694273015e+01    4.5779068044e+04
1574.4000000    4.0394509816e+01    4.5997089465e+04
1577.6000000    4.0086546316e+01    4.6216673147e+04
1580.8000000    3.9768454018e+01    4.6438124427e+04
1584.0000000    3.9447484346e+01    4.6661164184e+04
1587.2000000    3.9121938003e+01    4.6886131933e+04
1590.4000000    3.8799070513e+01    4.7112665752e+04
1593.6000000    3.8477234455e+01    4.7341138192e+04
1596.8000000    3.8163679680e+01    4.7571105104e+04
1600.0000000    3.7856629917e+01    4.7802971316e+04
1603.2000000    3.7563318289e+01    4.8036212287e+04
1606.4000000    3.7281666757e+01    4.8271264828e+04
1609.6000000    3.7018874869e+01    4.8507526985e+04
1612.8000000    3.6772408344e+01    4.8745467798e+04
1616.0000000    3.6549406667e+01    4.8984411883e+04
1619.2000000    3.6346752673e+01    4.9224861305e+04
1622.4000000    3.6171486876e+01    4.9466072101e+04
1625.6000000    3.6019818035e+01    4.9708580700e+04
1628.8000000    3.5898634940e+01    4.9951580107e+04
1632.0000000    3.5803421952e+01    5.0195642925e+04
1635.2000000    3.5740849602e+01    5.0439905244e+04
1638.4000000    3.5705671383e+01    5.0684978009e+04
1641.6000000    3.5704260867e+01    5.0929946939e+04
1644.8000000    3.5730678477e+01    5.1175463678e+04
1648.0000000    3.5790913031e+01    5.1420570444e+04
1651.2000000    3.5878411847e+01    5.1665961932e+04
1654.4000000    3.5998686444e+01    5.1910643943e+04
1657.6000000    3.6144688725e+01    5.2155356356e+04
1660.8000000    3.6321360929e+01    5.2399075760e+04
1664.0000000    3.6521308539e+01    5.2642588907e+04
1667.2000000    3.6748818963e+01    5.2884850422e+04
1670.4000000    3.6996323593e+01    5.3126694948e+04
1673.6000000    3.7267381893e+01    5.3367062352e+04
1676.8000000    3.7554437829e+01    5.3606835322e+04
1680.0000000    3.7860267914e+01    5.3844946048e+04
1683.2000000    3.8177520235e+01    5.4082324387e+04
1686.4000000    3.8508156332e+01    5.4317901728e+04
1689.6000000    3.8845215492e+01    5.4552653062e+04
1692.8000000    3.9189838953e+01    5.4785515551e+04
1696.0000000    3.9535631105e+01    5.5017506070e+04
1699.2000000    3.9882936432e+01    5.5247573736e+04
1702.4000000    4.0226077577e+01    5.5476772813e+04
1705.6000000    4.0564655151e+01    5.5704070071e+04
1708.8000000    4.0893836348e+01    5.5930551471e+04
1712.0000000    4.1212558743e+01    5.6155206558e+04
1715.2000000    4.1516929226e+01    5.6379146190e+04
1718.4000000    4.1805327896e+01    5.6601387146e+04
1721.6000000    4.2074862936e+01    5.6823057423e+04
1724.8000000    4.2323482380e+01    5.7043204763e+04
1728.0000000    4.2549323291e+01    5.7262965755e+04
1731.2000000    4.2750040574e+01    5.7481422053e+04
1734.4000000    4.2924795131e+01    5.7699709725e+04
1737.6000000    4.3071093855e+01    5.7916946472e+04
1740.8000000    4.3189086787e+01    5.8134258395e+04
1744.0000000    4.3276276146e+01    5.8350800560e+04
1747.2000000    4.3333741044e+01    5.8567679572e+04
1750.4000000    4.3359112518e+01    5.8784088386e+04
1753.6000000    4.3354318518e+01    5.9001104750e+04
1756.8000000    4.3317234885e+01    5.9217959295e+04
1760.0000000    4.3250543749e+01    5.9435691947e+04
1763.2000000    4.3152457430e+01    5.9653570156e+04
1766.4000000    4.3026309017e+01    5.9872587684e+04
1769.6000000    4.2870709197e+01    6.0092047399e+04
1772.8000000    4.2689535833e+01    6.0312889378e+04
1776.0000000    4.2481826258e+01    6.0534450100e+04
1779.2000000    4.2251898934e+01    6.0757609417e+04
1782.4000000    4.1999210635e+01    6.0981735362e+04
1785.6000000    4.1728422357e+01    6.1207642137e+04
1788.8000000    4.1439367810e+01    6.1434727164e+04
1792.0000000    4.1136961584e+01    6.1663734781e+04
1795.2000000    4.0821338781e+01    6.1894089699e+04
1798.4000000    4.0497589641e+01    6.2126463454e+04
1801.6000000    4.0166046282e+01    6.2360306138e+04
1804.8000000    3.9831908353e+01    6.2596214848e+04
1808.0000000    3.9495577705e+01    6.2833663486e+04
1811.2000000    3.9162308498e+01    6.3073174371e+04
1814.4000000    3.8832429425e+01    6.3314244071e+04
1817.6000000    3.8511204342e+01    6.3557321062e+04
1820.8000000    3.8198738532e+01    6.3801923934e+04
1824.0000000    3.7900268878e+01    6.4048429457e+04
1827.2000000    3.7615528368e+01    6.4296378154e+04
1830.4000000    3.7349696032e+01    6.4546078350e+04
1833.6000000    3.7101993754e+01    6.4797092947e+04
1836.8000000    3.6877515134e+01    6.5049666114e+04
1840.0000000    3.6674850389e+01    6.5303384098e+04
1843.2000000    3.6498981068e+01    6.5558432087e+04
1846.4000000    3.6347770628e+01    6.5814421096e+04
1849.6000000    3.6226060932e+01    6.6071483272e+04
1852.8000000    3.6130924863e+01    6.6329256168e+04
1856.0000000    3.6067034586e+01    6.6587825441e+04
1859.2000000    3.6030644024e+01    6.6846857191e+04
1862.4000000    3.6026222593e+01    6.7106397592e+04
1865.6000000    3.6049214543e+01    6.7366143397e+04
1868.8000000    3.6103850581e+01    6.7626108588e+04
1872.0000000    3.6184812504e+01    6.7886022626e+04
1875.2000000    3.6296054366e+01    6.8145874725e+04
1878.4000000    3.6431578946e+01    6.8405428896e+04
1881.6000000    3.6595025329e+01    6.8664656977e+04
1884.8000000    3.6779833371e+01    6.8923359003e+04
1888.0000000    3.6989290692e+01    6.9181496644e+04
1891.2000000    3.7216417808e+01    6.9438906921e+04
1894.4000000    3.7464118744e+01    6.9695548216e+04
1897.6000000    3.7725159276e+01    6.9951294849e+04
1900.8000000    3.8002034775e+01    7.0206108345e+04
1904.0000000    3.8287434482e+01    7.0459899872e+04
1907.2000000    3.8583429720e+01    7.0712639959e+04
1910.4000000    3.8882817087e+01    7.0964275328e+04
1913.6000000    3.9187240381e+01    7.1214790720e+04
1916.8000000    3.9489785115e+01    7.1464166203e+04
1920.0000000    3.9791677686e+01    7.1712405206e+04
1923.2000000    4.0086464059e+01    7.1959518015e+04
1926.4000000    4.0374977872e+01    7.2205530446e+04
1929.6000000    4.0651380074e+01    7.2450478943e+04
1932.8000000    4.0916150746e+01    7.2694414607e+04
1936.0000000    4.1164197394e+01    7.2937395110e+04
1939.2000000    4.1395699376e+01    7.3179498926e+04
1942.4000000    4.1606414702e+01    7.3420799221e+04
1945.6000000    4.1796286591e+01    7.3661403149e+04
1948.8000000    4.1961996675e+01    7.3901392940e+04
1952.0000000    4.2103325583e+01    7.4140904998e+04
1955.2000000    4.2217919207e+01    7.4380023625e+04
1958.4000000    4.2305474567e+01    7.4618914364e+04
1961.6000000    4.2364609861e+01    7.4857656201e+04
1964.8000000    4.2395018799e+01    7.5096443112e+04
1968.0000000    4.2396268713e+01    7.5335341145e+04
1971.2000000    4.2368127172e+01    7.5574571506e+04
1974.4000000    4.2311058921e+01    7.5814179652e+04
1977.6000000    4.2224974923e+01    7.6054412417e+04
1980.8000000    4.2111160847e+01    7.6295287165e+04
1984.0000000    4.1969728639e+01    7.6537074478e+04
1987.2000000    4.1802688242e+01    7.6779756486e+04
1990.4000000    4.1610394416e+01    7.7023625468e+04
1993.6000000    4.1395469748e+01    7.7268621718e+04
1996.8000000    4.1158534784e+01    7.7515057111e+04
2000.0000000    4.0902703570e+01    7.7762824226e+04
2003.2000000    4.0628864423e+01    7.8012252486e+04
2006.4000000    4.0340497507e+01    7.8263181762e+04
2009.6000000    4.0038738859e+01    7.8515957124e+04
2012.8000000    3.9727310392e+01    7.8770361769e+04
2016.0000000    3.9407553934e+01    7.9026754741e+04
2019.2000000    3.9083314351e+01    7.9284859746e+04
2022.4000000    3.8756076851e+01    7.9545048415e+04
2025.6000000    3.8429699944e+01    7.9806983376e+04
2028.8000000    3.8105731886e+01    8.0071047800e+04
2032.0000000    3.7787948112e+01    8.0336842937e+04
2035.2000000    3.7477865324e+01    8.0604762799e+04
2038.4000000    3.7179093958e+01    8.0874348271e+04
2041.6000000    3.6893014838e+01    8.1146003868e+04
2044.8000000    3.6623007579e+01    8.1419212415e+04
2048.0000000    3.6370208295e+01    8.1694388920e+04
2051.2000000    3.6137716507e+01    8.1970961709e+04
2054.4000000    3.5926315898e+01    8.2249356565e+04
2057.6000000    3.5738792825e+01    8.2528952039e+04
2060.8000000    3.5575477676e+01    8.2810185210e+04
2064.0000000    3.5438825758e+01    8.3092390630e+04
2067.2000000    3.5328625699e+01    8.3376017353e+04
2070.4000000    3.5246997520e+01    8.3660362618e+04
2073.6000000    3.5193117100e+01    8.3945888215e+04
2076.8000000    3.5168776651e+01    8.4231861493e+04
2080.0000000    3.5172490134e+01    8.4518757729e+04
2083.2000000    3.5205739008e+01    8.4805822356e+04
2086.4000000    3.5266351298e+01    8.5093544785e+04
2089.6000000    3.5355522145e+01    8.5381156851e+04
2092.8000000    3.5470396987e+01    8.5669162547e+04
2096.0000000    3.5611914305e+01    8.5956788565e+04
2099.2000000    3.5776568579e+01    8.6244553644e+04
2102.4000000    3.5965074571e+01    8.6531687704e+04
2105.6000000    3.6173335291e+01    8.6818724028e+04
2108.8000000    3.6401876304e+01    8.7104903849e+04
2112.0000000    3.6646094766e+01    8.7390774354e+04
2115.2000000    3.6906361774e+01    8.7675595685e+04
2118.4000000    3.7177677392e+01    8.7959927803e+04
2121.6000000    3.7460292150e+01    8.8243056692e+04
2124.8000000    3.7748936834e+01    8.8525553424e+04
2128.0000000    3.8043773782e+01    8.8806735937e+04
2131.2000000    3.8339406368e+01    8.9087184194e+04
2134.4000000    3.8635939190e+01    8.9366253255e+04
2137.6000000    3.8927998440e+01    8.9644529200e+04
2140.8000000    3.9215659352e+01    8.9921408329e+04
2144.0000000    3.9493723445e+01    9.0197479529e+04
2147.2000000    3.9762262911e+01    9.0472183356e+04
2150.4000000    4.0016403162e+01    9.0746107688e+04
2153.6000000    4.0256237749e+01    9.1018739223e+04
2156.8000000    4.0477354535e+01    9.1290660577e+04
2160.0000000    4.0679891065e+01    9.1561405344e+04
2163.2000000    4.0860020587e+01    9.1831546263e+04
2166.4000000    4.1017945613e+01    9.2100663498e+04
2169.6000000    4.1150527147e+01    9.2369315026e+04
2172.8000000    4.1258051978e+01    9.2637126242e+04
2176.0000000    4.1338146653e+01    9.2904635319e+04
2179.2000000    4.1391199739e+01    9.3171510633e+04
2182.4000000    4.1415653574e+01    9.3438265472e+04
2185.6000000    4.1412013870e+01    9.3704608155e+04
2188.8000000    4.1379559704e+01    9.3971022102e+04
2192.0000000    4.1318926678e+01    9.4237251890e+04
2195.2000000    4.1230221761e+01    9.4503746315e+04
2198.4000000    4.1114219900e+01    9.4770282034e+04
2201.6000000    4.0971818081e+01    9.5037268833e+04
2204.8000000    4.0803936001e+01    9.5304510940e+04
2208.0000000    4.0612195711e+01    9.5572375244e+04
2211.2000000    4.0397662183e+01    9.5840688867e+04
2214.4000000    4.0162593574e+01    9.6109772536e+04
2217.6000000    3.9908194962e+01    9.6379471584e+04
2220.8000000    3.9637251635e+01    9.6650058050e+04
2224.0000000    3.9351097193e+01    9.6921390937e+04
2227.2000000    3.9052919802e+01    9.7193691897e+04
2230.4000000    3.8744163036e+01    9.7466829343e+04
2233.6000000    3.8428283680e+01    9.7740973756e+04
2236.8000000    3.8106809462e+01    9.8015999090e+04
2240.0000000    3.7783327051e+01    9.8292024834e+04
2243.2000000    3.7459415267e+01    9.8568927107e+04
2246.4000000    3.7138653025e+01    9.8846775576e+04
2249.6000000    3.6822630313e+01    9.9125445721e+04
2252.8000000    3.6514787108e+01    9.9404959546e+04
2256.0000000    3.6216678578e+01    9.9685189702e+04
2259.2000000    3.5931485955e+01    9.9966113654e+04
2262.4000000    3.5660678737e+01    1.0024759967e+05
2265.6000000    3.5407075259e+01    1.0052958472e+05
2268.8000000    3.5172005248e+01    1.0081193177e+05
2272.0000000    3.4957839126e+01    1.0109454215e+05
2275.2000000    3.4765711455e+01    1.0137727322e+05
2278.4000000    3.4597481421e+01    1.0165999627e+05
2281.6000000    3.4454033982e+01    1.0194256332e+05
2284.8000000    3.4336677007e+01    1.0222482177e+05
2288.0000000    3.4245994820e+01    1.0250661904e+05
2291.2000000    3.4182727653e+01    1.0278778533e+05
2294.4000000    3.4147114114e+01    1.0306816455e+05
2297.6000000    3.4139333742e+01    1.0334757665e+05
2300.8000000    3.4159242797e+01    1.0362586350e+05
2304.0000000    3.4206488888e+01    1.0390284185e+05
2307.2000000    3.4280520090e+01    1.0417835315e+05
2310.4000000    3.4380500369e+01    1.0445221798e+05
2313.6000000    3.4505456614e+01    1.0472427911e+05
2316.8000000    3.4654133961e+01    1.0499436772e+05
2320.0000000    3.4825139567e+01    1.0526232963e+05
2323.2000000    3.5016877536e+01    1.0552801303e+05
2326.4000000    3.5227552288e+01    1.0579126833e+05
2329.6000000    3.5455313769e+01    1.0605196664e+05
2332.8000000    3.5697996664e+01    1.0630996431e+05
2336.0000000    3.5953588653e+01    1.0656516052e+05
2339.2000000    3.6219603442e+01    1.0681741862e+05
2342.4000000    3.6493959311e+01    1.0706667026e+05
2345.6000000    3.6773912545e+01    1.0731278645e+05
2348.8000000    3.7057402024e+01    1.0755573477e+05
2352.0000000    3.7341503278e+01    1.0779539416e+05
2355.2000000    3.7624259455e+01    1.0803177061e+05
2358.4000000    3.7902652709e+01    1.0826475082e+05
2361.6000000    3.8174904828e+01    1.0849438065e+05
2364.8000000    3.8437999692e+01    1.0872055389e+05
2368.0000000    3.8690400436e+01    1.0894335670e+05
2371.2000000    3.8929191975e+01    1.0916268892e+05
2374.4000000    3.9153128152e+01    1.0937867638e+05
2377.6000000    3.9359494552e+01    1.0959122348e+05
2380.8000000    3.9547370759e+01    1.0980049414e+05
2384.0000000    3.9714338904e+01    1.1000639547e+05
2387.2000000    3.9859824729e+01    1.1020912698e+05
2390.4000000    3.9981794918e+01    1.1040859639e+05
2393.6000000    4.0080027556e+01    1.1060503543e+05
2396.8000000    4.0152950068e+01    1.1079835018e+05
2400.0000000    4.0200685797e+01    1.1098880051e+05
2403.2000000    4.0222183686e+01    1.1117628846e+05
2406.4000000    4.0217893450e+01    1.1136109740e+05
2409.6000000    4.0187327864e+01    1.1154312300e+05
2412.8000000    4.0131234151e+01    1.1172266700e+05
2416.0000000    4.0049710416e+01    1.1189961647e+05
2419.2000000    3.9943764645e+01    1.1207428615e+05
2422.4000000    3.9814079429e+01    1.1224655250e+05
2425.6000000    3.9661881103e+01    1.1241673772e+05
2428.8000000    3.9488412961e+01    1.1258470603e+05
2432.0000000    3.9295073820e+01    1.1275078155e+05
2435.2000000    3.9083621345e+01    1.1291481504e+05
2438.4000000    3.8855579611e+01    1.1307712718e+05
2441.6000000    3.8613153155e+01    1.1323755461e+05
2444.8000000    3.8357944632e+01    1.1339640946e+05
2448.0000000    3.8092519114e+01    1.1355351413e+05
2451.2000000    3.7818513317e+01    1.1370916758e+05
2454.4000000    3.7538750880e+01    1.1386317849e+05
2457.6000000    3.7254861509e+01    1.1401582850e+05
2460.8000000    3.6969813747e+01    1.1416691378e+05
2464.0000000    3.6685193610e+01    1.1431669508e+05
2467.2000000    3.6403993702e+01    1.1446495794e+05
2470.4000000    3.6127724642e+01    1.1461193937e+05
2473.6000000    3.5859279956e+01    1.1475741675e+05
2476.8000000    3.5600068417e+01    1.1490160117e+05
2480.0000000    3.5352764063e+01    1.1504426503e+05
2483.2000000    3.5118652624e+01    1.1518559196e+05
2486.4000000    3.4900075929e+01    1.1532535308e+05
2489.6000000    3.4698180509e+01    1.1546370380e+05
2492.8000000    3.4514875600e+01    1.1560041809e+05
2496.0000000    3.4351157047e+01    1.1573562299e+05
2499.2000000    3.4208417575e+01    1.1586909990e+05
2502.4000000    3.4087495097e+01    1.1600094795e+05
2505.6000000    3.3989201776e+01    1.1613096073e+05
2508.8000000    3.3914214139e+01    1.1625921046e+05
2512.0000000    3.3862722146e+01    1.1638550789e+05
2515.2000000    3.3835240877e+01    1.1650989975e+05
2518.4000000    3.3831320403e+01    1.1663221886e+05
2521.6000000    3.3851317387e+01    1.1675248825e+05
2524.8000000    3.3894148770e+01    1.1687056762e+05
2528.0000000    3.3960018727e+01    1.1698645832e+05
2531.2000000    3.4047241692e+01    1.1710005145e+05
2534.4000000    3.4155878120e+01    1.1721132887e+05
2537.6000000    3.4283692809e+01    1.1732021714e+05
2540.8000000    3.4430614148e+01    1.1742668088e+05
2544.0000000    3.4593929848e+01    1.1753068570e+05
2547.2000000    3.4773450905e+01    1.1763218108e+05
2550.4000000    3.4966076793e+01    1.1773117465e+05
2553.6000000    3.5171518969e+01    1.1782760277e+05
2556.8000000    3.5386389797e+01    1.1792151726e+05
2560.0000000    3.5610322372e+01    1.1801284317e+05
2563.2000000    3.5839750883e+01    1.1810167788e+05
2566.4000000    3.6074254632e+01    1.1818793665e+05
2569.6000000    3.6310201686e+01    1.1827176294e+05
2572.8000000    3.6547145417e+01    1.1835306340e+05
2576.0000000    3.6781498264e+01    1.1843202721e+05
2579.2000000    3.7012818547e+01    1.1850855324e+05
2582.4000000    3.7237667539e+01    1.1858287512e+05
2585.6000000    3.7455641879e+01    1.1865488444e+05
2588.8000000    3.7663546079e+01    1.1872485710e+05
2592.0000000    3.7861050148e+01    1.1879267761e+05
2595.2000000    3.8045282769e+01    1.1885866108e+05
2598.4000000    3.8216022993e+01    1.1892268483e+05
2601.6000000    3.8370788444e+01    1.1898509939e+05
2604.8000000    3.8509502184e+01    1.1904577449e+05
2608.0000000    3.8630117573e+01    1.1910509161e+05
2611.2000000    3.8732734405e+01    1.1916291229e+05
2614.4000000    3.8815769678e+01    1.1921964385e+05
2617.6000000    3.8879528709e+01    1.1927513899e+05
2620.8000000    3.8922901127e+01    1.1932982527e+05
2624.0000000    3.8946420892e+01    1.1938354581e+05
2627.2000000    3.8949441204e+01    1.1943674249e+05
2630.4000000    3.8932740412e+01    1.1948924820e+05
2633.6000000    3.8896109815e+01    1.1954151293e+05
2636.8000000    3.8840578958e+01    1.1959335882e+05
2640.0000000    3.8766337662e+01    1.1964523773e+05
2643.2000000    3.8674663240e+01    1.1969696072e+05
2646.4000000    3.8566093174e+01    1.1974897534e+05
2649.6000000    3.8442137942e+01    1.1980108151e+05
2652.8000000    3.8303623701e+01    1.1985371646e+05
2656.0000000    3.8152267840e+01    1.1990666933e+05
2659.2000000    3.7989121421e+01    1.1996036129e+05
2662.4000000    3.7816070874e+01    1.2001457143e+05
2665.6000000    3.7634326938e+01    1.2006969959e+05
2668.8000000    3.7445896211e+01    1.2012551599e+05
2672.0000000    3.7252085579e+01    1.2018239435e+05
2675.2000000    3.7054963132e+01    1.2024009765e+05
2678.4000000    3.6855872901e+01    1.2029896933e+05
2681.6000000    3.6656877741e+01    1.2035876724e+05
2684.8000000    3.6459306757e+01    1.2041980100e+05
2688.0000000    3.6265145060e+01    1.2048182588e+05
2691.2000000    3.6075663556e+01    1.2054511486e+05
2694.4000000    3.5892693996e+01    1.2060942359e+05
2697.6000000    3.5717415909e+01    1.2067498631e+05
2700.8000000    3.5551431965e+01    1.2074156235e+05
2704.0000000    3.5395807911e+01    1.2080934580e+05
2707.2000000    3.5251844662e+01    1.2087810331e+05
2710.4000000    3.5120482668e+01    1.2094798809e+05
2713.6000000    3.5002654630e+01    1.2101877794e+05
2716.8000000    3.4899174647e+01    1.2109058514e+05
2720.0000000    3.4810549974e+01    1.2116320257e+05
2723.2000000    3.4737476876e+01    1.2123670210e+05
2726.4000000    3.4679991872e+01    1.2131089566e+05
2729.6000000    3.4638690205e+01    1.2138581578e+05
2732.8000000    3.4613106556e+01    1.2146129730e+05
2736.0000000    3.4603758728e+01    1.2153733495e+05
2739.2000000    3.4609664309e+01    1.2161379012e+05
2742.4000000    3.4631292309e+01    1.2169062162e+05
2745.6000000    3.4667144798e+01    1.2176772079e+05
2748.8000000    3.4717673950e+01    1.2184501267e+05
2752.0000000    3.4780884951e+01    1.2192242152e+05
2755.2000000    3.4857246673e+01    1.2199984098e+05
2758.4000000    3.4944302577e+01    1.2207723069e+05
2761.6000000    3.5042571749e+01    1.2215445537e+05
2764.8000000    3.5149186300e+01    1.2223151195e+05
2768.0000000    3.5264747595e+01    1.2230823876e+05
2771.2000000    3.5386040001e+01    1.2238467127e+05
2774.4000000    3.5513776571e+01    1.2246062393e+05
2777.6000000    3.5644468156e+01    1.2253617129e+05
2780.8000000    3.5778965302e+01    1.2261110638e+05
2784.0000000    3.5913587118e+01    1.2268554269e+05
2787.2000000    3.6049343109e+01    1.2275925409e+05
2790.4000000    3.6182446576e+01    1.2283239216e+05
2793.6000000    3.6314082644e+01    1.2290471380e+05
2796.8000000    3.6440445332e+01    1.2297640707e+05
2800.0000000    3.6562906944e+01    1.2304721387e+05
2803.2000000    3.6677725839e+01    1.2311735650e+05
2806.4000000    3.6786467838e+01    1.2318656368e+05
2809.6000000    3.6885533029e+01    1.2325508902e+05
2812.8000000    3.6976681867e+01    1.2332264978e+05
2816.0000000    3.7056524385e+01    1.2338952739e+05
2819.2000000    3.7127011650e+01    1.2345542920e+05
2822.4000000    3.7185020250e+01    1.2352066046e+05
2825.6000000    3.7232682820e+01    1.2358492009e+05
2828.8000000    3.7267185702e+01    1.2364853284e+05
2832.0000000    3.7290829177e+01    1.2371119055e+05
2835.2000000    3.7301138029e+01    1.2377323280e+05
2838.4000000    3.7300561522e+01    1.2383434578e+05
2841.6000000    3.7286976692e+01    1.2389487906e+05
2844.8000000    3.7262958537e+01    1.2395451459e+05
2848.0000000    3.7226735656e+01    1.2401360703e+05
2851.2000000    3.7180981090e+01    1.2407183559e+05
2854.4000000    3.7124260896e+01    1.2412955516e+05
2857.6000000    3.7059314214e+01    1.2418644384e+05
2860.8000000    3.6985018739e+01    1.2424285205e+05
2864.0000000    3.6904143754e+01    1.2429845853e+05
2867.2000000    3.6815843265e+01    1.2435360478e+05
2870.4000000    3.6722877080e+01    1.2440797216e+05
2873.6000000    3.6624633272e+01    1.2446188913e+05
2876.8000000    3.6523819364e+01    1.2451504180e+05
2880.0000000    3.6420011150e+01    1.2456774194e+05
2883.2000000    3.6315818503e+01    1.2461968273e+05
2886.4000000    3.6210957381e+01    1.2467115605e+05
2889.6000000    3.6107892910e+01    1.2472186471e+05
2892.8000000    3.6006435234e+01    1.2477207803e+05
2896.0000000    3.5908856919e+01    1.2482151111e+05
2899.2000000    3.5815020484e+01    1.2487040865e+05
2902.4000000    3.5726958600e+01    1.2491850084e+05
2905.6000000    3.5644550724e+01    1.2496600624e+05
2908.8000000    3.5569544163e+01    1.2501267306e+05
2912.0000000    3.5501808003e+01    1.2505869272e+05
2915.2000000    3.5442762065e+01    1.2510383437e+05
2918.4000000    3.5392247126e+01    1.2514826192e+05
2921.6000000    3.5351318312e+01    1.2519176830e+05
2924.8000000    3.5319780173e+01    1.2523449000e+05
2928.0000000    3.5298292409e+01    1.2527624649e+05
2931.2000000    3.5286625540e+01    1.2531714741e+05
2934.4000000    3.5285021040e+01    1.2535704128e+05
2937.6000000    3.5293227254e+01    1.2539601183e+05
2940.8000000    3.5311053861e+01    1.2543393892e+05
2944.0000000    3.5338247584e+01    1.2547088163e+05
2947.2000000    3.5374182994e+01    1.2550675307e+05
2950.4000000    3.5418633072e+01    1.2554158916e+05
2953.6000000    3.5470544909e+01    1.2557533772e+05
2956.8000000    3.5529751253e+01    1.2560801325e+05
2960.0000000    3.5594790545e+01    1.2563959919e+05
2963.2000000    3.5665592540e+01    1.2567009041e+05
2966.4000000    3.5740316859e+01    1.2569950641e+05
2969.6000000    3.5819029218e+01    1.2572782424e+05
2972.8000000    3.5899550554e+01    1.2575509923e+05
2976.0000000    3.5982121206e+01    1.2578129241e+05
2979.2000000    3.6064272691e+01    1.2580649410e+05
2982.4000000    3.6146456431e+01    1.2583065103e+05
2985.6000000    3.6225971254e+01    1.2585388702e+05
2988.8000000    3.6303512211e+01    1.2587613606e+05
2992.0000000    3.6376207583e+01    1.2589755336e+05
2995.2000000    3.6445023223e+01    1.2591806159e+05
2998.4000000    3.6506982024e+01    1.2593784459e+05
