#       time              Source                 rho
   0.0000000    0.0000000000e+00    0.0000000000e+00
#       time              Source                 rho
   0.0000000    0.0000000000e+00    0.0000000000e+00
  15.0000000   -2.2384504366e+00    1.0625145124e+06
  30.0000000    2.2148312674e-01    1.0628807113e+06
  45.0000000    4.9302235896e+00    1.0635267369e+06
  60.0000000    8.9592212433e+00    1.0644809400e+06
  75.0000000    1.1199088112e+01    1.0657602698e+06
  90.0000000    1.1694296857e+01    1.0673785208e+06
 105.0000000    1.1664535119e+01    1.0693331080e+06
 120.0000000    1.2870394410e+01    1.0715977135e+06
 135.0000000    1.5398225223e+01    1.0741539256e+06
 150.0000000    1.7172453727e+01    1.0770148807e+06
 165.0000000    1.6628183367e+01    1.0802048405e+06
 180.0000000    1.5162039612e+01    1.0837110057e+06
 195.0000000    1.5515691700e+01    1.0874836380e+06
 210.0000000    1.8019123018e+01    1.0914812858e+06
 225.0000000    2.0050745599e+01    1.0956769583e+06
 240.0000000    1.9552080449e+01    1.1000175426e+06
 255.0000000    1.7820218252e+01    1.1043873665e+06
 270.0000000    1.7777400394e+01    1.1086221373e+06
 285.0000000    2.0022671014e+01    1.1125638616e+06
 300.0000000    2.2034495563e+01    1.1161007569e+06
 315.0000000    2.1551160860e+01    1.1191587012e+06
 330.0000000    1.9559465968e+01    1.1216778925e+06
 345.0000000    1.8939121694e+01    1.1236190530e+06
 360.0000000    2.0618846336e+01    1.1249996332e+06
 375.0000000    2.2413554132e+01    1.1259120326e+06
 390.0000000    2.1982369305e+01    1.1264914561e+06
 405.0000000    1.9875570116e+01    1.1268647547e+06
 420.0000000    1.8741317891e+01    1.1271269375e+06
 435.0000000    1.9855941238e+01    1.1273537828e+06
 450.0000000    2.1564518308e+01    1.1276164250e+06
 465.0000000    2.1550350905e+01    1.1279681403e+06
 480.0000000    1.9790769199e+01    1.1284218240e+06
 495.0000000    1.8438885595e+01    1.1289556984e+06
 510.0000000    1.9019152854e+01    1.1295510004e+06
 525.0000000    2.0614489324e+01    1.1302284196e+06
 540.0000000    2.1207097353e+01    1.1310487254e+06
 555.0000000    2.0222851907e+01    1.1320823544e+06
 570.0000000    1.9045999990e+01    1.1333836769e+06
 585.0000000    1.9120032501e+01    1.1349894117e+06
 600.0000000    2.0193705953e+01    1.1369312205e+06
 615.0000000    2.0791453705e+01    1.1392432851e+06
 630.0000000    2.0075377217e+01    1.1419591087e+06
 645.0000000    1.8722378577e+01    1.1451101405e+06
 660.0000000    1.7962875383e+01    1.1487337174e+06
 675.0000000    1.8174245298e+01    1.1528817048e+06
 690.0000000    1.8648065650e+01    1.1576204168e+06
 705.0000000    1.8536481713e+01    1.1630218447e+06
 720.0000000    1.7711076640e+01    1.1691559725e+06
 735.0000000    1.6692923608e+01    1.1760915675e+06
 750.0000000    1.6003171176e+01    1.1839006297e+06
 765.0000000    1.5707598826e+01    1.1926607696e+06
 780.0000000    1.5470364922e+01    1.2024560537e+06
 795.0000000    1.4897410072e+01    1.2133792583e+06
 810.0000000    1.3849900680e+01    1.2255369084e+06
 825.0000000    1.2560869740e+01    1.2390517694e+06
 840.0000000    1.1449994039e+01    1.2540578321e+06
 855.0000000    1.0703956013e+01    1.2706911294e+06
 870.0000000    1.0015294838e+01    1.2890825138e+06
 885.0000000    8.8428183290e+00    1.3093588556e+06
 900.0000000    7.0256330835e+00    1.3316541837e+06
 915.0000000    5.0573641407e+00    1.3561238540e+06
 930.0000000    3.5712725982e+00    1.3829531050e+06
 945.0000000    2.5623466625e+00    1.4123508644e+06
 960.0000000    1.3072597251e+00    1.4445291096e+06
 975.0000000   -8.2339684324e-01    1.4796845731e+06
 990.0000000   -3.5687342239e+00    1.5179997507e+06
1005.0000000   -6.0242829815e+00    1.5596673501e+06
1020.0000000   -7.7206441516e+00    1.6049199966e+06
1035.0000000   -9.2439196768e+00    1.6540352882e+06
1050.0000000   -1.1611680242e+01    1.7073094442e+06
1065.0000000   -1.5064989994e+01    1.7650214628e+06
1080.0000000   -1.8717920612e+01    1.8274208827e+06
1095.0000000   -2.1552103566e+01    1.8947545018e+06
1110.0000000   -2.3608632519e+01    1.9673072455e+06
1125.0000000   -2.6004403543e+01    2.0454210083e+06
1140.0000000   -2.9702989419e+01    2.1294759520e+06
1155.0000000   -3.4404345978e+01    2.2198503826e+06
1170.0000000   -3.8858074114e+01    2.3168984721e+06
1185.0000000   -4.2241793413e+01    2.4209637890e+06
1200.0000000   -4.5092092198e+01    2.5324138071e+06
1215.0000000   -4.8763244394e+01    2.6516669799e+06
1230.0000000   -5.3946832611e+01    2.7791882100e+06
1245.0000000   -5.9906339935e+01    2.9154622558e+06

