#       time              Source                 rho
   0.0000000    0.0000000000e+00    0.0000000000e+00
  15.0000000   -2.1531991822e+00    2.6967054031e+05
  30.0000000    3.8389392830e-01    2.7003354196e+05
  45.0000000    5.1777657372e+00    2.7067036189e+05
  60.0000000    9.2856490966e+00    2.7160577472e+05
  75.0000000    1.1597616558e+01    2.7285137694e+05
  90.0000000    1.2169563807e+01    2.7441307070e+05
 105.0000000    1.2204486292e+01    2.7627786358e+05
 120.0000000    1.3467674324e+01    2.7840535796e+05
 135.0000000    1.6049169828e+01    2.8075610994e+05
 150.0000000    1.7857553369e+01    2.8331618629e+05
 165.0000000    1.7333048754e+01    2.8608079336e+05
 180.0000000    1.5867093013e+01    2.8899004933e+05
 195.0000000    1.6186899162e+01    2.9192204405e+05
 210.0000000    1.8615360915e+01    2.9474689527e+05
 225.0000000    2.0523489127e+01    2.9736714472e+05
 240.0000000    1.9852322634e+01    2.9970376356e+05
 255.0000000    1.7900024704e+01    3.0166484315e+05
 270.0000000    1.7596816457e+01    3.0315253479e+05
 285.0000000    1.9560473680e+01    3.0410913750e+05
 300.0000000    2.1277627936e+01    3.0454720372e+05
 315.0000000    2.0504446240e+01    3.0453312403e+05
 330.0000000    1.8251797688e+01    3.0415465711e+05
 345.0000000    1.7410037149e+01    3.0351537252e+05
 360.0000000    1.8925333628e+01    3.0275318641e+05
 375.0000000    2.0621228598e+01    3.0203658324e+05
 390.0000000    2.0150628290e+01    3.0151208027e+05
 405.0000000    1.8058708084e+01    3.0124160166e+05
 420.0000000    1.6972793674e+01    3.0118774473e+05
 435.0000000    1.8145786797e+01    3.0125662953e+05
 450.0000000    1.9910692115e+01    3.0135742549e+05
 465.0000000    1.9938919101e+01    3.0143440159e+05
 480.0000000    1.8210280546e+01    3.0146804009e+05
 495.0000000    1.6890089604e+01    3.0147031563e+05
 510.0000000    1.7510769979e+01    3.0148179472e+05
 525.0000000    1.9164397298e+01    3.0155650410e+05
 540.0000000    1.9832246019e+01    3.0172971265e+05
 555.0000000    1.8931950862e+01    3.0199127609e+05
 570.0000000    1.7844320391e+01    3.0229512373e+05
 585.0000000    1.8009445222e+01    3.0260212037e+05
 600.0000000    1.9180216627e+01    3.0291713629e+05
 615.0000000    1.9890689184e+01    3.0328645896e+05
 630.0000000    1.9307030466e+01    3.0376022837e+05
 645.0000000    1.8109015967e+01    3.0435712301e+05
 660.0000000    1.7525354879e+01    3.0506211781e+05
 675.0000000    1.7929408972e+01    3.0585305366e+05
 690.0000000    1.8615586519e+01    3.0672886460e+05
 705.0000000    1.8740437215e+01    3.0771738937e+05
 720.0000000    1.8181228682e+01    3.0886134658e+05
 735.0000000    1.7464849581e+01    3.1019773991e+05
 750.0000000    1.7112528422e+01    3.1174627621e+05
 765.0000000    1.7190389780e+01    3.1351319051e+05
 780.0000000    1.7364525414e+01    3.1550658222e+05
 795.0000000    1.7243994151e+01    3.1775104266e+05
 810.0000000    1.6697834228e+01    3.2029011578e+05
 825.0000000    1.5964209988e+01    3.2317493858e+05
 840.0000000    1.5464393212e+01    3.2644893142e+05
 855.0000000    1.5387247267e+01    3.3014265254e+05
 870.0000000    1.5424856793e+01    3.3428248309e+05
 885.0000000    1.5040043644e+01    3.3890308074e+05
 900.0000000    1.4079886609e+01    3.4405199136e+05
 915.0000000    1.3041835230e+01    3.4978365115e+05
 930.0000000    1.2564105660e+01    3.5615084960e+05
 945.0000000    1.2643625539e+01    3.6320260201e+05
 960.0000000    1.2556828483e+01    3.7098806047e+05
 975.0000000    1.1680648669e+01    3.7956134825e+05
 990.0000000    1.0280609364e+01    3.8898351329e+05
1005.0000000    9.2672560138e+00    3.9932127186e+05
1020.0000000    9.1169663074e+00    4.1064467742e+05
1035.0000000    9.2428553054e+00    4.2302344158e+05
1050.0000000    8.6310143318e+00    4.3652331904e+05
1065.0000000    7.0446308208e+00    4.5120754370e+05
1080.0000000    5.3735962445e+00    4.6714455525e+05
1095.0000000    4.6480665435e+00    4.8441728968e+05
1110.0000000    4.8311170592e+00    5.0312411170e+05
1125.0000000    4.8101945972e+00    5.2336696300e+05
1140.0000000    3.6288395990e+00    5.4523746256e+05
1155.0000000    1.5871398806e+00    5.6881480847e+05
1170.0000000   -5.4744173865e-02    5.9417955222e+05
1185.0000000   -4.6723628855e-01    6.2143150073e+05
1200.0000000   -1.8346939687e-01    6.5069276316e+05
1215.0000000   -5.4496371975e-01    6.8209327338e+05
1230.0000000   -2.2404358243e+00    7.1575330642e+05
1245.0000000   -4.5243265084e+00    7.5178024670e+05
