#       time              Source                xMom
   0.0000000    0.0000000000e+00    0.0000000000e+00
#       time              Source                xMom
   0.0000000    0.0000000000e+00    0.0000000000e+00
   3.2000000   -1.7632987209e+00    5.3868572634e+00
   6.4000000   -2.7273652755e+00    1.5634405096e+01
   9.6000000   -4.1235900747e+00    3.3960924892e+01
  12.8000000   -4.1904988185e+00    5.4736824317e+01
  16.0000000   -3.7632149962e+00    7.8479662774e+01
  19.2000000   -2.6361515770e+00    1.0195945449e+02
  22.4000000   -6.7620846951e-01    1.2547081339e+02
  25.6000000    1.7360204402e+00    1.4655608187e+02
  28.8000000    4.2397776495e+00    1.6761634566e+02
  32.0000000    6.9711827763e+00    1.8436136881e+02
  35.2000000    9.2943551139e+00    2.0131093260e+02
  38.4000000    1.1566039634e+01    2.1582178975e+02
  41.6000000    1.2994199731e+01    2.3102290367e+02
  44.8000000    1.4410747682e+01    2.4371352629e+02
  48.0000000    1.5111127633e+01    2.5739107764e+02
  51.2000000    1.5617174916e+01    2.7012046683e+02
  54.4000000    1.5840421719e+01    2.8448735391e+02
  57.6000000    1.5794398069e+01    2.9990740187e+02
  60.8000000    1.5827722226e+01    3.1830972077e+02
  64.0000000    1.5708135494e+01    3.3887714206e+02
  67.2000000    1.5782933312e+01    3.6322645331e+02
  70.4000000    1.5843901756e+01    3.9026696300e+02
  73.6000000    1.6025146654e+01    4.2153767954e+02
  76.8000000    1.6236739693e+01    4.5546613453e+02
  80.0000000    1.6431282181e+01    4.9303564479e+02
  83.2000000    1.6701962288e+01    5.3242315411e+02
  86.4000000    1.6842514267e+01    5.7402390137e+02
  89.6000000    1.7082737786e+01    6.1615717799e+02
  92.8000000    1.7249107989e+01    6.5882210810e+02
  96.0000000    1.7437932039e+01    7.0104818277e+02
  99.2000000    1.7728251226e+01    7.4270772874e+02
 102.4000000    1.7940541203e+01    7.8392896105e+02
 105.6000000    1.8315278270e+01    8.2504350124e+02
 108.8000000    1.8580996430e+01    8.6695676152e+02
 112.0000000    1.8893044507e+01    9.1065313748e+02
 115.2000000    1.9103452814e+01    9.5735014452e+02
 118.4000000    1.9197480626e+01    1.0081653428e+03
 121.6000000    1.9183501845e+01    1.0642440634e+03
 124.8000000    1.8974998959e+01    1.1260269534e+03
 128.0000000    1.8681788604e+01    1.1942492446e+03
 131.2000000    1.8227642171e+01    1.2681451086e+03
 134.4000000    1.7785503280e+01    1.3479315219e+03
 137.6000000    1.7315301474e+01    1.4316531814e+03
 140.8000000    1.6964255972e+01    1.5193221841e+03
 144.0000000    1.6779804291e+01    1.6082451623e+03
 147.2000000    1.6748056812e+01    1.6988294220e+03
 150.4000000    1.7026797553e+01    1.7883852859e+03
 153.6000000    1.7411438299e+01    1.8781731039e+03
 156.8000000    1.8080036667e+01    1.9662216450e+03
 160.0000000    1.8765389586e+01    2.0547231093e+03
 163.2000000    1.9543167318e+01    2.1426365414e+03
 166.4000000    2.0227868896e+01    2.2328555673e+03
 169.6000000    2.0782330149e+01    2.3248064798e+03
 172.8000000    2.1143156123e+01    2.4216521192e+03
 176.0000000    2.1252346208e+01    2.5224761314e+03
 179.2000000    2.1144799882e+01    2.6301888742e+03
 182.4000000    2.0807619111e+01    2.7428951108e+03
 185.6000000    2.0351144716e+01    2.8628846236e+03
 188.8000000    1.9805320492e+01    2.9871177882e+03
 192.0000000    1.9304863504e+01    3.1173171202e+03
 195.2000000    1.8916417105e+01    3.2496167990e+03
 198.4000000    1.8694767016e+01    3.3856375357e+03
 201.6000000    1.8753402540e+01    3.5213585445e+03
 204.8000000    1.8990726942e+01    3.6588520403e+03
 208.0000000    1.9538480862e+01    3.7946941759e+03
 211.2000000    2.0179126306e+01    3.9317142237e+03
 214.4000000    2.0990102043e+01    4.0675230566e+03
 217.6000000    2.1757668574e+01    4.2056520123e+03
 220.8000000    2.2470651205e+01    4.3445910601e+03
 224.0000000    2.3006341075e+01    4.4882189826e+03
 227.2000000    2.3314668613e+01    4.6352561734e+03
 230.4000000    2.3378678557e+01    4.7894001200e+03
 233.6000000    2.3178567482e+01    4.9488753405e+03
 236.8000000    2.2788516219e+01    5.1167005422e+03
 240.0000000    2.2231795858e+01    5.2901977097e+03
 243.2000000    2.1646980935e+01    5.4715133996e+03
 246.4000000    2.1074055845e+01    5.6571334491e+03
 249.6000000    2.0646658239e+01    5.8485862903e+03
 252.8000000    2.0413514732e+01    6.0419996910e+03
 256.0000000    2.0405774676e+01    6.2388254444e+03
 259.2000000    2.0687761893e+01    6.4355273650e+03
 262.4000000    2.1146028901e+01    6.6339593033e+03
 265.6000000    2.1838973662e+01    6.8315234587e+03
 268.8000000    2.2570750864e+01    7.0306307603e+03
 272.0000000    2.3353514428e+01    7.2298080731e+03
 275.2000000    2.4018733769e+01    7.4318210677e+03
 278.4000000    2.4531066164e+01    7.6359712835e+03
 281.6000000    2.4817758807e+01    7.8449383330e+03
 284.8000000    2.4844165635e+01    8.0581297579e+03
 288.0000000    2.4641725798e+01    8.2776390704e+03
 291.2000000    2.4213006685e+01    8.5023979120e+03
 294.4000000    2.3676251883e+01    8.7335795282e+03
 297.6000000    2.3054002404e+01    8.9694436323e+03
 300.8000000    2.2514786240e+01    9.2102800978e+03
 304.0000000    2.2066233469e+01    9.4539150965e+03
 307.2000000    2.1852056887e+01    9.7001814984e+03
 310.4000000    2.1863306764e+01    9.9470077615e+03
 313.6000000    2.2131723080e+01    1.0194339113e+04
 316.8000000    2.2652003299e+01    1.0440811867e+04
 320.0000000    2.3319066153e+01    1.0686849809e+04
 323.2000000    2.4131152675e+01    1.0932195743e+04
 326.4000000    2.4914591910e+01    1.1177727237e+04
 329.6000000    2.5654128536e+01    1.1424257286e+04
 332.8000000    2.6209938864e+01    1.1672757798e+04
 336.0000000    2.6559325944e+01    1.1924632398e+04
 339.2000000    2.6656055063e+01    1.2180447088e+04
 342.4000000    2.6500703380e+01    1.2441544139e+04
 345.6000000    2.6144597231e+01    1.2707659079e+04
 348.8000000    2.5619182095e+01    1.2979620812e+04
 352.0000000    2.5052535914e+01    1.3256182042e+04
 355.2000000    2.4469454460e+01    1.3537620125e+04
 358.4000000    2.4036840745e+01    1.3821938429e+04
 361.6000000    2.3733249282e+01    1.4109200232e+04
 364.8000000    2.3696692189e+01    1.4397196684e+04
 368.0000000    2.3865051933e+01    1.4686296482e+04
 371.2000000    2.4274775408e+01    1.4974628965e+04
 374.4000000    2.4860373256e+01    1.5263336184e+04
 377.6000000    2.5540283060e+01    1.5551133869e+04
 380.8000000    2.6269223063e+01    1.5840135941e+04
 384.0000000    2.6910040430e+01    1.6129474887e+04
 387.2000000    2.7438502969e+01    1.6422037587e+04
 390.4000000    2.7750699034e+01    1.6716917655e+04
 393.6000000    2.7848060924e+01    1.7017250434e+04
 396.8000000    2.7708249282e+01    1.7321595134e+04
 400.0000000    2.7369908978e+01    1.7632766178e+04
 403.2000000    2.6889216597e+01    1.7948474978e+04
 406.4000000    2.6328186329e+01    1.8270915402e+04
 409.6000000    2.5797674470e+01    1.8596963782e+04
 412.8000000    2.5333284721e+01    1.8928294336e+04
 416.0000000    2.5068693585e+01    1.9261314785e+04
 419.2000000    2.4970191650e+01    1.9597573065e+04
 422.4000000    2.5144402773e+01    1.9933583479e+04
 425.6000000    2.5497894387e+01    2.0271226437e+04
 428.8000000    2.6056410070e+01    2.0607614295e+04
 432.0000000    2.6718104332e+01    2.0945272994e+04
 435.2000000    2.7415439166e+01    2.1282051089e+04
 438.4000000    2.8082771823e+01    2.1621148594e+04
 441.6000000    2.8608612120e+01    2.1960878275e+04
 444.8000000    2.8978512722e+01    2.2304823506e+04
 448.0000000    2.9108145164e+01    2.2651260541e+04
 451.2000000    2.9034804577e+01    2.3003663830e+04
 454.4000000    2.8738012256e+01    2.3359816496e+04
 457.6000000    2.8301542318e+01    2.3722643610e+04
 460.8000000    2.7760329463e+01    2.4089230399e+04
 464.0000000    2.7216270917e+01    2.4461806581e+04
 467.2000000    2.6736052864e+01    2.4836891074e+04
 470.4000000    2.6383647031e+01    2.5216226779e+04
 473.6000000    2.6236920047e+01    2.5596191458e+04
 476.8000000    2.6275470861e+01    2.5978451711e+04
 480.0000000    2.6561972834e+01    2.6359788511e+04
 483.2000000    2.6998326293e+01    2.6742168628e+04
 486.4000000    2.7599827063e+01    2.7123176335e+04
 489.6000000    2.8246450467e+01    2.7505246506e+04
 492.8000000    2.8895631697e+01    2.7886807725e+04
 496.0000000    2.9463945651e+01    2.8270661508e+04
 499.2000000    2.9881680051e+01    2.8655746411e+04
 502.4000000    3.0129002033e+01    2.9044902959e+04
 505.6000000    3.0157526045e+01    2.9437068018e+04
 508.8000000    3.0010376453e+01    2.9834706514e+04
 512.0000000    2.9683751931e+01    3.0236337291e+04
 515.2000000    2.9269094058e+01    3.0643751863e+04
 518.4000000    2.8793449964e+01    3.1054916143e+04
 521.6000000    2.8364652884e+01    3.1470932884e+04
 524.8000000    2.8016101052e+01    3.1889398340e+04
 528.0000000    2.7820926425e+01    3.2311001531e+04
 531.2000000    2.7806778447e+01    3.2733380637e+04
 534.4000000    2.7968097505e+01    3.3157210667e+04
 537.6000000    2.8321919768e+01    3.3580634318e+04
 540.8000000    2.8784199862e+01    3.4004614519e+04
 544.0000000    2.9352277353e+01    3.4428098574e+04
 547.2000000    2.9912349892e+01    3.4852402156e+04
 550.4000000    3.0437216884e+01    3.5277260646e+04
 553.6000000    3.0844021814e+01    3.5704164956e+04
 556.8000000    3.1095391886e+01    3.6133312610e+04
 560.0000000    3.1173883596e+01    3.6566044640e+04
 563.2000000    3.1057542369e+01    3.7002563972e+04
 566.4000000    3.0795703803e+01    3.7443734187e+04
 569.6000000    3.0391957191e+01    3.7889413378e+04
 572.8000000    2.9944131905e+01    3.8339810540e+04
 576.0000000    2.9465223765e+01    3.8794348135e+04
 579.2000000    2.9070582438e+01    3.9252651885e+04
 582.4000000    2.8759660322e+01    3.9713884029e+04
 585.6000000    2.8622736520e+01    4.0177381413e+04
 588.8000000    2.8639702205e+01    4.0642381088e+04
 592.0000000    2.8836400519e+01    4.1108295504e+04
 595.2000000    2.9184217881e+01    4.1574774622e+04
 598.4000000    2.9635211814e+01    4.2041551493e+04
 601.6000000    3.0164102315e+01    4.2508877809e+04
 604.8000000    3.0680182224e+01    4.2976824822e+04
 608.0000000    3.1166915463e+01    4.3446193515e+04
 611.2000000    3.1540558895e+01    4.3917206106e+04
 614.4000000    3.1798624532e+01    4.4390941391e+04
 617.6000000    3.1899929696e+01    4.4867493987e+04
 620.8000000    3.1862690289e+01    4.5347869175e+04
 624.0000000    3.1696069125e+01    4.5831798831e+04
 627.2000000    3.1435906304e+01    4.6319962469e+04
 630.4000000    3.1130189719e+01    4.6811642868e+04
 633.6000000    3.0812789594e+01    4.7307151538e+04
 636.8000000    3.0550495092e+01    4.7805427152e+04
 640.0000000    3.0351622277e+01    4.8306570243e+04
 643.2000000    3.0276266584e+01    4.8809426986e+04
 646.4000000    3.0300073427e+01    4.9314140248e+04
 649.6000000    3.0450692180e+01    4.9819738146e+04
 652.8000000    3.0685658465e+01    5.0326628164e+04
 656.0000000    3.0988412566e+01    5.0834177176e+04
 659.2000000    3.1320647484e+01    5.1343150546e+04
 662.4000000    3.1634581351e+01    5.1853220347e+04
 665.6000000    3.1910902640e+01    5.2365434755e+04
 668.8000000    3.2100320090e+01    5.2879582402e+04
 672.0000000    3.2207295598e+01    5.3396785536e+04
 675.2000000    3.2206030186e+01    5.3916716434e+04
 678.4000000    3.2123339685e+01    5.4440329674e+04
 681.6000000    3.1963152997e+01    5.4967020987e+04
 684.8000000    3.1766421560e+01    5.5497421979e+04
 688.0000000    3.1557844216e+01    5.6030634845e+04
 691.2000000    3.1375073379e+01    5.6566969152e+04
 694.4000000    3.1250468290e+01    5.7105365670e+04
 697.6000000    3.1197998847e+01    5.7645949771e+04
 700.8000000    3.1245610202e+01    5.8187726969e+04
 704.0000000    3.1374543589e+01    5.8730825033e+04
 707.2000000    3.1597167529e+01    5.9274537045e+04
 710.4000000    3.1872537441e+01    5.9819129778e+04
 713.6000000    3.2190219570e+01    6.0364302956e+04
 716.8000000    3.2510016511e+01    6.0910488898e+04
 720.0000000    3.2801758267e+01    6.1457757353e+04
 723.2000000    3.3046020693e+01    6.2006617518e+04
 726.4000000    3.3206823879e+01    6.2557343813e+04
 729.6000000    3.3293394084e+01    6.3110360387e+04
 732.8000000    3.3279471971e+01    6.3665941073e+04
 736.0000000    3.3199675090e+01    6.4224261023e+04
 739.2000000    3.3043916352e+01    6.4785446029e+04
 742.4000000    3.2862107172e+01    6.5349330047e+04
 745.6000000    3.2656079649e+01    6.5915858515e+04
 748.8000000    3.2476194125e+01    6.6484545962e+04
 752.0000000    3.2328305487e+01    6.7055240018e+04
 755.2000000    3.2246277953e+01    6.7627258141e+04
 758.4000000    3.2234906612e+01    6.8200501790e+04
 761.6000000    3.2299496505e+01    6.8774252086e+04
 764.8000000    3.2441698175e+01    6.9348617349e+04
 768.0000000    3.2638741272e+01    6.9922966847e+04
 771.2000000    3.2887471931e+01    7.0497705417e+04
 774.4000000    3.3150698146e+01    7.1072331616e+04
 777.6000000    3.3419412517e+01    7.1647535445e+04
 780.8000000    3.3660704213e+01    7.2222900205e+04
 784.0000000    3.3861633109e+01    7.2799295426e+04
 787.2000000    3.4007355531e+01    7.3376291892e+04
 790.4000000    3.4085695269e+01    7.3954787758e+04
 793.6000000    3.4104407179e+01    7.4534238505e+04
 796.8000000    3.4055647501e+01    7.5115441005e+04
 800.0000000    3.3966761180e+01    7.5697669904e+04
 803.2000000    3.3833448082e+01    7.6281561931e+04
 806.4000000    3.3695094148e+01    7.6866207665e+04
 809.6000000    3.3547161561e+01    7.7452109347e+04
 812.8000000    3.3430500293e+01    7.8038231287e+04
 816.0000000    3.3337796088e+01    7.8625030394e+04
 819.2000000    3.3299548041e+01    7.9211435510e+04
 822.4000000    3.3306560969e+01    7.9797971857e+04
 825.6000000    3.3369988112e+01    8.0383614167e+04
 828.8000000    3.3481352105e+01    8.0969053936e+04
 832.0000000    3.3630728040e+01    8.1553347785e+04
 835.2000000    3.3811912761e+01    8.2137405481e+04
 838.4000000    3.4000326597e+01    8.2720343572e+04
 841.6000000    3.4192178403e+01    8.3303282813e+04
 844.8000000    3.4359082297e+01    8.3885332746e+04
 848.0000000    3.4500018616e+01    8.4467766402e+04
 851.2000000    3.4592872362e+01    8.5049602388e+04
 854.4000000    3.4640628698e+01    8.5632182730e+04
 857.6000000    3.4633790044e+01    8.6214363727e+04
 860.8000000    3.4579780089e+01    8.6797483311e+04
 864.0000000    3.4484062969e+01    8.7380199453e+04
 867.2000000    3.4356204737e+01    8.7963810166e+04
 870.4000000    3.4215205224e+01    8.8546786571e+04
 873.6000000    3.4068260428e+01    8.9130397055e+04
 876.8000000    3.3942262534e+01    8.9712983040e+04
 880.0000000    3.3838159496e+01    9.0295830078e+04
 883.2000000    3.3781256744e+01    9.0877234799e+04
 886.4000000    3.3765477506e+01    9.1458562104e+04
 889.6000000    3.3804320746e+01    9.2038146395e+04
 892.8000000    3.3887051782e+01    9.2617484527e+04
 896.0000000    3.4009326602e+01    9.3194998547e+04
 899.2000000    3.4159652928e+01    9.3772337168e+04
 902.4000000    3.4317265173e+01    9.4348010915e+04
 905.6000000    3.4474164807e+01    9.4923792483e+04
 908.8000000    3.4601069904e+01    9.5498237842e+04
 912.0000000    3.4697798887e+01    9.6073168502e+04
 915.2000000    3.4736674716e+01    9.6647122586e+04
 918.4000000    3.4728814265e+01    9.7221867746e+04
 921.6000000    3.4656220418e+01    9.7795872877e+04
 924.8000000    3.4541480369e+01    9.8370754451e+04
 928.0000000    3.4380216337e+01    9.8944902525e+04
 931.2000000    3.4201132539e+01    9.9519720822e+04
 934.4000000    3.4012863504e+01    1.0009357078e+05
 937.6000000    3.3840388111e+01    1.0066763004e+05
 940.8000000    3.3700243740e+01    1.0124033958e+05
 944.0000000    3.3604164724e+01    1.0181267497e+05
 947.2000000    3.3567893462e+01    1.0238329710e+05
 950.4000000    3.3586097079e+01    1.0295301328e+05
 953.6000000    3.3664583356e+01    1.0352083346e+05
 956.8000000    3.3784809067e+01    1.0408740875e+05
 960.0000000    3.3937847199e+01    1.0465217325e+05
 963.2000000    3.4101242559e+01    1.0521558900e+05
 966.4000000    3.4253908802e+01    1.0577751457e+05
 969.6000000    3.4380219229e+01    1.0633813950e+05
 972.8000000    3.4455197124e+01    1.0689768511e+05
 976.0000000    3.4478852810e+01    1.0745595195e+05
 979.2000000    3.4430947134e+01    1.0801343944e+05
 982.4000000    3.4331322892e+01    1.0856944760e+05
 985.6000000    3.4168873431e+01    1.0912469228e+05
 988.8000000    3.3980320572e+01    1.0967791006e+05
 992.0000000    3.3763137117e+01    1.1023002704e+05
 995.2000000    3.3559965940e+01    1.1077922964e+05
 998.4000000    3.3373475687e+01    1.1132670986e+05
1001.6000000    3.3236752815e+01    1.1187018887e+05
1004.8000000    3.3153400652e+01    1.1241121850e+05
1008.0000000    3.3134508972e+01    1.1294717740e+05
1011.2000000    3.3180380622e+01    1.1348006222e+05
1014.4000000    3.3277608509e+01    1.1400702515e+05
1017.6000000    3.3420363353e+01    1.1453053036e+05
1020.8000000    3.3579275482e+01    1.1504758019e+05
1024.0000000    3.3743194230e+01    1.1556103245e+05
1027.2000000    3.3881277998e+01    1.1606776887e+05
1030.4000000    3.3982097431e+01    1.1657087587e+05
1033.6000000    3.4026944935e+01    1.1706711389e+05
1036.8000000    3.4010134751e+01    1.1755958818e+05
1040.0000000    3.3933301329e+01    1.1804494229e+05
1043.2000000    3.3798466148e+01    1.1852611122e+05
1046.4000000    3.3628507668e+01    1.1899966958e+05
1049.6000000    3.3429152711e+01    1.1946826701e+05
1052.8000000    3.3237439974e+01    1.1992852309e+05
1056.0000000    3.3056157623e+01    1.2038278077e+05
1059.2000000    3.2922692610e+01    1.2082787415e+05
1062.4000000    3.2832788356e+01    1.2126589426e+05
1065.6000000    3.2808806285e+01    1.2169407039e+05
1068.8000000    3.2840108335e+01    1.2211432774e+05
1072.0000000    3.2924980536e+01    1.2252442405e+05
1075.2000000    3.3050339987e+01    1.2292618173e+05
1078.4000000    3.3192880579e+01    1.2331793104e+05
1081.6000000    3.3342098464e+01    1.2370138912e+05
1084.8000000    3.3465174679e+01    1.2407540978e+05
1088.0000000    3.3559308587e+01    1.2444152716e+05
1091.2000000    3.3596417641e+01    1.2479900968e+05
1094.4000000    3.3585300224e+01    1.2514908597e+05
1097.6000000    3.3512208155e+01    1.2549132331e+05
1100.8000000    3.3397140409e+01    1.2582653424e+05
1104.0000000    3.3243342842e+01    1.2615451292e+05
1107.2000000    3.3074992450e+01    1.2647560904e+05
1110.4000000    3.2908983383e+01    1.2678984497e+05
1113.6000000    3.2762420056e+01    1.2709714453e+05
1116.8000000    3.2657841611e+01    1.2739782743e+05
1120.0000000    3.2596661744e+01    1.2769149345e+05
1123.2000000    3.2596330677e+01    1.2797885471e+05
1126.4000000    3.2642401847e+01    1.2825930983e+05
1129.6000000    3.2738053062e+01    1.2853402166e+05
1132.8000000    3.2861110708e+01    1.2880228477e+05
1136.0000000    3.2998186625e+01    1.2906568265e+05
1139.2000000    3.3130690646e+01    1.2932344544e+05
1142.4000000    3.3235003519e+01    1.2957744699e+05
1145.6000000    3.3305416136e+01    1.2982683009e+05
1148.8000000    3.3318655434e+01    1.3007356385e+05
1152.0000000    3.3286659695e+01    1.3031664418e+05
1155.2000000    3.3194322555e+01    1.3055793903e+05
1158.4000000    3.3070300888e+01    1.3079624857e+05
1161.6000000    3.2909137575e+01    1.3103320386e+05
1164.8000000    3.2748541990e+01    1.3126741627e+05
1168.0000000    3.2589552416e+01    1.3150024126e+05
1171.2000000    3.2465648379e+01    1.3173018028e+05
1174.4000000    3.2380023631e+01    1.3195837111e+05
1177.6000000    3.2348621921e+01    1.3218333252e+05
1180.8000000    3.2372869769e+01    1.3240610285e+05
1184.0000000    3.2445575242e+01    1.3262534372e+05
1187.2000000    3.2563216128e+01    1.3284211277e+05
1190.4000000    3.2701343674e+01    1.3305528920e+05
1193.6000000    3.2850442047e+01    1.3326601072e+05
1196.8000000    3.2982609013e+01    1.3347337234e+05
1200.0000000    3.3085270074e+01    1.3367856589e+05
1203.2000000    3.3141098186e+01    1.3388082991e+05
1206.4000000    3.3140394418e+01    1.3408131471e+05
1209.6000000    3.3084753590e+01    1.3427929245e+05
1212.8000000    3.2971711110e+01    1.3447575928e+05
1216.0000000    3.2822731756e+01    1.3466992190e+05
1219.2000000    3.2641263424e+01    1.3486255156e+05
1222.4000000    3.2462735318e+01    1.3505274691e+05
1225.6000000    3.2290336157e+01    1.3524106148e+05
1228.8000000    3.2161889526e+01    1.3542652079e+05
1232.0000000    3.2074373261e+01    1.3560954561e+05
1235.2000000    3.2053934925e+01    1.3578918370e+05
1238.4000000    3.2089842680e+01    1.3596585332e+05
1241.6000000    3.2186205407e+01    1.3613873124e+05
1244.8000000    3.2327557201e+01    1.3630835800e+05
1248.0000000    3.2495486825e+01    1.3647410290e+05
1251.2000000    3.2674703296e+01    1.3663669685e+05
1254.4000000    3.2834540924e+01    1.3679569054e+05
1257.6000000    3.2964951784e+01    1.3695198655e+05
1260.8000000    3.3038134045e+01    1.3710523640e+05
1264.0000000    3.3053798524e+01    1.3725641584e+05
1267.2000000    3.2998872240e+01    1.3740516281e+05
1270.4000000    3.2884987926e+01    1.3755239188e+05
1273.6000000    3.2717885926e+01    1.3769762803e+05
1276.8000000    3.2517994223e+01    1.3784161396e+05
1280.0000000    3.2306551804e+01    1.3798372108e+05
1283.2000000    3.2103728256e+01    1.3812447781e+05
1286.4000000    3.1937977962e+01    1.3826314255e+05
1289.6000000    3.1818496277e+01    1.3840006460e+05
1292.8000000    3.1770029470e+01    1.3853450066e+05
1296.0000000    3.1785133763e+01    1.3866670810e+05
1299.2000000    3.1874384672e+01    1.3879608087e+05
1302.4000000    3.2016700196e+01    1.3892287900e+05
1305.6000000    3.2203167566e+01    1.3904674197e+05
1308.8000000    3.2408589456e+01    1.3916799003e+05
1312.0000000    3.2608099925e+01    1.3928654091e+05
1315.2000000    3.2783215221e+01    1.3940276706e+05
1318.4000000    3.2904291777e+01    1.3951681269e+05
1321.6000000    3.2967622234e+01    1.3962902738e+05
1324.8000000    3.2951237719e+01    1.3973967483e+05
1328.0000000    3.2869666905e+01    1.3984896847e+05
1331.2000000    3.2715547885e+01    1.3995717948e+05
1334.4000000    3.2519309912e+01    1.4006428316e+05
1337.6000000    3.2287333771e+01    1.4017048896e+05
1340.8000000    3.2057023821e+01    1.4027548987e+05
1344.0000000    3.1842360639e+01    1.4037943575e+05
1347.2000000    3.1674136409e+01    1.4048177024e+05
1350.4000000    3.1566220929e+01    1.4058265688e+05
1353.6000000    3.1530487172e+01    1.4068138324e+05
1356.8000000    3.1573712761e+01    1.4077824137e+05
1360.0000000    3.1684731758e+01    1.4087247423e+05
1363.2000000    3.1858569330e+01    1.4096460894e+05
1366.4000000    3.2067695979e+01    1.4105392783e+05
1369.6000000    3.2295204988e+01    1.4114124134e+05
1372.8000000    3.2510928680e+01    1.4122589751e+05
1376.0000000    3.2691685810e+01    1.4130895443e+05
1379.2000000    3.2818556683e+01    1.4138978847e+05
1382.4000000    3.2871437818e+01    1.4146959825e+05
1385.6000000    3.2851420540e+01    1.4154770675e+05
1388.8000000    3.2749050885e+01    1.4162531862e+05
1392.0000000    3.2587074114e+01    1.4170161569e+05
1395.2000000    3.2367749398e+01    1.4177769996e+05
1398.4000000    3.2129900149e+01    1.4185256189e+05
1401.6000000    3.1882031169e+01    1.4192715660e+05
1404.8000000    3.1667187630e+01    1.4200029945e+05
1408.0000000    3.1492361837e+01    1.4207282949e+05
1411.2000000    3.1389903798e+01    1.4214346804e+05
1414.4000000    3.1359705076e+01    1.4221302597e+05
1417.6000000    3.1411593393e+01    1.4228024359e+05
1420.8000000    3.1536629601e+01    1.4234600892e+05
1424.0000000    3.1719648162e+01    1.4240917943e+05
1427.2000000    3.1944563193e+01    1.4247079553e+05
1430.4000000    3.2179842575e+01    1.4252987740e+05
1433.6000000    3.2406783638e+01    1.4258762589e+05
1436.8000000    3.2592705071e+01    1.4264320417e+05
1440.0000000    3.2722986226e+01    1.4269790542e+05
1443.2000000    3.2778086249e+01    1.4275096487e+05
1446.4000000    3.2753920877e+01    1.4280364964e+05
1449.6000000    3.2651866642e+01    1.4285517817e+05
1452.8000000    3.2480537217e+01    1.4290667165e+05
1456.0000000    3.2261925233e+01    1.4295726503e+05
1459.2000000    3.2012652995e+01    1.4300786013e+05
1462.4000000    3.1768036009e+01    1.4305749680e+05
1465.6000000    3.1543119088e+01    1.4310685552e+05
1468.8000000    3.1374397230e+01    1.4315493563e+05
1472.0000000    3.1266447896e+01    1.4320226012e+05
1475.2000000    3.1243454210e+01    1.4324789002e+05
1478.4000000    3.1296287833e+01    1.4329228984e+05
1481.6000000    3.1427281222e+01    1.4333468987e+05
1484.8000000    3.1616991931e+01    1.4337558796e+05
1488.0000000    3.1845310299e+01    1.4341445078e+05
1491.2000000    3.2090050555e+01    1.4345185478e+05
1494.4000000    3.2317919095e+01    1.4348750289e+05
1497.6000000    3.2512602264e+01    1.4352202726e+05
1500.8000000    3.2642054214e+01    1.4355530357e+05
1504.0000000    3.2703058624e+01    1.4358793509e+05
1507.2000000    3.2677146008e+01    1.4361987331e+05
1510.4000000    3.2577636859e+01    1.4365158107e+05
1513.6000000    3.2404805795e+01    1.4368299683e+05
1516.8000000    3.2185690914e+01    1.4371435227e+05
1520.0000000    3.1936712906e+01    1.4374552915e+05
1523.2000000    3.1689054254e+01    1.4377649623e+05
1526.4000000    3.1467275024e+01    1.4380709972e+05
1529.6000000    3.1293948680e+01    1.4383708304e+05
1532.8000000    3.1191338323e+01    1.4386633687e+05
1536.0000000    3.1163955039e+01    1.4389446648e+05
1539.2000000    3.1221980863e+01    1.4392151412e+05
1542.4000000    3.1350816726e+01    1.4394704544e+05
1545.6000000    3.1543058825e+01    1.4397134198e+05
1548.8000000    3.1772599420e+01    1.4399400012e+05
1552.0000000    3.2016284846e+01    1.4401556894e+05
1555.2000000    3.2248618882e+01    1.4403569091e+05
1558.4000000    3.2439722133e+01    1.4405513755e+05
1561.6000000    3.2576167970e+01    1.4407355318e+05
1564.8000000    3.2633089759e+01    1.4409183203e+05
1568.0000000    3.2616213782e+01    1.4410953634e+05
1571.2000000    3.2513918363e+01    1.4412756999e+05
1574.4000000    3.2351699138e+01    1.4414532789e+05
1577.6000000    3.2132232471e+01    1.4416364142e+05
1580.8000000    3.1894074014e+01    1.4418169236e+05
1584.0000000    3.1648923981e+01    1.4420021796e+05
1587.2000000    3.1435685683e+01    1.4421820407e+05
1590.4000000    3.1267094568e+01    1.4423633793e+05
1593.6000000    3.1168320683e+01    1.4425348380e+05
1596.8000000    3.1145853392e+01    1.4427036851e+05
1600.0000000    3.1202282699e+01    1.4428583484e+05
1603.2000000    3.1333383675e+01    1.4430074468e+05
1606.4000000    3.1520180730e+01    1.4431400491e+05
1609.6000000    3.1747465836e+01    1.4432666975e+05
1612.8000000    3.1984994439e+01    1.4433774990e+05
1616.0000000    3.2211181453e+01    1.4434848181e+05
1619.2000000    3.2398869551e+01    1.4435796321e+05
1622.4000000    3.2528224267e+01    1.4436753530e+05
1625.6000000    3.2587336642e+01    1.4437632182e+05
1628.8000000    3.2565821562e+01    1.4438565387e+05
1632.0000000    3.2472855221e+01    1.4439460592e+05
1635.2000000    3.2310294285e+01    1.4440439200e+05
1638.4000000    3.2106528544e+01    1.4441398452e+05
1641.6000000    3.1871907254e+01    1.4442442085e+05
1644.8000000    3.1645101646e+01    1.4443456955e+05
1648.0000000    3.1437176730e+01    1.4444529673e+05
1651.2000000    3.1283707773e+01    1.4445542269e+05
1654.4000000    3.1189226191e+01    1.4446570380e+05
1657.6000000    3.1173250082e+01    1.4447500481e+05
1660.8000000    3.1230388420e+01    1.4448405982e+05
1664.0000000    3.1357333300e+01    1.4449187030e+05
1667.2000000    3.1539987042e+01    1.4449922178e+05
1670.4000000    3.1755100198e+01    1.4450530798e+05
1673.6000000    3.1984731081e+01    1.4451099122e+05
1676.8000000    3.2196816534e+01    1.4451565780e+05
1680.0000000    3.2376472951e+01    1.4452020925e+05
1683.2000000    3.2496666596e+01    1.4452417528e+05
1686.4000000    3.2552181334e+01    1.4452840909e+05
1689.6000000    3.2531455946e+01    1.4453251031e+05
1692.8000000    3.2442144536e+01    1.4453718178e+05
1696.0000000    3.2291668504e+01    1.4454202890e+05
1699.2000000    3.2097932034e+01    1.4454752920e+05
1702.4000000    3.1883601498e+01    1.4455326834e+05
1705.6000000    3.1668895254e+01    1.4455947876e+05
1708.8000000    3.1482556785e+01    1.4456575291e+05
1712.0000000    3.1337756411e+01    1.4457211720e+05
1715.2000000    3.1257834701e+01    1.4457824009e+05
1718.4000000    3.1243043704e+01    1.4458401993e+05
1721.6000000    3.1301679376e+01    1.4458928362e+05
1724.8000000    3.1421445066e+01    1.4459388501e+05
1728.0000000    3.1591930183e+01    1.4459786855e+05
1731.2000000    3.1794224087e+01    1.4460109923e+05
1734.4000000    3.2003422159e+01    1.4460384855e+05
1737.6000000    3.2202625687e+01    1.4460599928e+05
1740.8000000    3.2362507946e+01    1.4460800596e+05
1744.0000000    3.2476253934e+01    1.4460972605e+05
1747.2000000    3.2521035431e+01    1.4461171879e+05
1750.4000000    3.2504850960e+01    1.4461374425e+05
1753.6000000    3.2418215229e+01    1.4461638590e+05
1756.8000000    3.2283252931e+01    1.4461923883e+05
1760.0000000    3.2104405824e+01    1.4462285936e+05
1763.2000000    3.1911301820e+01    1.4462664548e+05
1766.4000000    3.1717498797e+01    1.4463112275e+05
1769.6000000    3.1549728215e+01    1.4463550932e+05
1772.8000000    3.1422954161e+01    1.4464034335e+05
1776.0000000    3.1351401386e+01    1.4464472149e+05
1779.2000000    3.1343682119e+01    1.4464926473e+05
1782.4000000    3.1397323883e+01    1.4465302273e+05
1785.6000000    3.1509525389e+01    1.4465676414e+05
1788.8000000    3.1664244411e+01    1.4465955320e+05
1792.0000000    3.1847007823e+01    1.4466233512e+05
1795.2000000    3.2036891878e+01    1.4466421571e+05
1798.4000000    3.2212605016e+01    1.4466629464e+05
1801.6000000    3.2358631357e+01    1.4466770533e+05
1804.8000000    3.2454554757e+01    1.4466963620e+05
1808.0000000    3.2498198580e+01    1.4467120402e+05
1811.2000000    3.2476657154e+01    1.4467360220e+05
1814.4000000    3.2403994031e+01    1.4467587962e+05
1817.6000000    3.2277239990e+01    1.4467916458e+05
1820.8000000    3.2123518707e+01    1.4468240628e+05
1824.0000000    3.1947461012e+01    1.4468663549e+05
1827.2000000    3.1780827702e+01    1.4469070704e+05
1830.4000000    3.1630635654e+01    1.4469556727e+05
1833.6000000    3.1522602351e+01    1.4470001945e+05
1836.8000000    3.1460738480e+01    1.4470497376e+05
1840.0000000    3.1456208992e+01    1.4470924583e+05
1843.2000000    3.1506549379e+01    1.4471376906e+05
1846.4000000    3.1605850361e+01    1.4471743151e+05
1849.6000000    3.1744739067e+01    1.4472123198e+05
1852.8000000    3.1904723839e+01    1.4472416580e+05
1856.0000000    3.2072285520e+01    1.4472730093e+05
1859.2000000    3.2225557839e+01    1.4472974015e+05
1862.4000000    3.2351830115e+01    1.4473258139e+05
1865.6000000    3.2435659938e+01    1.4473500590e+05
1868.8000000    3.2470060866e+01    1.4473807326e+05
1872.0000000    3.2452625477e+01    1.4474100201e+05
1875.2000000    3.2384380903e+01    1.4474474197e+05
1878.4000000    3.2277277637e+01    1.4474851710e+05
1881.6000000    3.2138681659e+01    1.4475311870e+05
1884.8000000    3.1990745633e+01    1.4475777102e+05
1888.0000000    3.1842452088e+01    1.4476309581e+05
1891.2000000    3.1718065161e+01    1.4476834470e+05
1894.4000000    3.1622992305e+01    1.4477399569e+05
1897.6000000    3.1574582387e+01    1.4477937803e+05
1900.8000000    3.1571572905e+01    1.4478487373e+05
1904.0000000    3.1618063274e+01    1.4478994310e+05
1907.2000000    3.1706348485e+01    1.4479491967e+05
1910.4000000    3.1826320703e+01    1.4479943023e+05
1913.6000000    3.1967071357e+01    1.4480378606e+05
1916.8000000    3.2108959137e+01    1.4480778500e+05
1920.0000000    3.2242784694e+01    1.4481170977e+05
1923.2000000    3.2347331989e+01    1.4481550346e+05
1926.4000000    3.2419818631e+01    1.4481938423e+05
1929.6000000    3.2445123585e+01    1.4482339712e+05
1932.8000000    3.2429376829e+01    1.4482764593e+05
1936.0000000    3.2367984925e+01    1.4483223562e+05
1939.2000000    3.2274867367e+01    1.4483711352e+05
1942.4000000    3.2155908810e+01    1.4484242127e+05
1945.6000000    3.2028196382e+01    1.4484793242e+05
1948.8000000    3.1904037252e+01    1.4485383004e+05
1952.0000000    3.1797511103e+01    1.4485972744e+05
1955.2000000    3.1721009490e+01    1.4486587880e+05
1958.4000000    3.1680756280e+01    1.4487177467e+05
1961.6000000    3.1683049501e+01    1.4487778115e+05
1964.8000000    3.1724962960e+01    1.4488331188e+05
1968.0000000    3.1803132642e+01    1.4488887762e+05
1971.2000000    3.1908200769e+01    1.4489385190e+05
1974.4000000    3.2027623742e+01    1.4489889913e+05
1977.6000000    3.2151055041e+01    1.4490336806e+05
1980.8000000    3.2260919259e+01    1.4490805656e+05
1984.0000000    3.2351830011e+01    1.4491227966e+05
1987.2000000    3.2406904461e+01    1.4491692625e+05
1990.4000000    3.2429905034e+01    1.4492125215e+05
1993.6000000    3.2409311884e+01    1.4492618808e+05
1996.8000000    3.2358801566e+01    1.4493090346e+05
2000.0000000    3.2274045338e+01    1.4493633205e+05
